CROSS-CORRELATION RESULTS

Correlations for oxy-Hb
S1-D1:      1.000     0.981     0.983     0.900     0.699     0.920     0.981     0.972     0.984     0.929     0.958     0.750     0.849     0.945     0.947     0.845     0.874     0.941     0.923     0.744     0.687     0.843     0.822     0.869     0.885     0.734     0.771     0.771     0.704     0.946     0.961     0.977     0.847     0.873     0.940     0.853     0.964     0.973     0.952     0.939     0.826     0.871     0.738     0.681     0.712     0.686     0.788     0.906     0.779     0.763     0.807  
S1-D2:      0.981     1.000     0.988     0.944     0.719     0.952     0.964     0.979     0.974     0.961     0.974     0.775     0.868     0.961     0.961     0.878     0.903     0.944     0.944     0.786     0.735     0.884     0.852     0.911     0.931     0.764     0.806     0.800     0.738     0.964     0.961     0.979     0.862     0.899     0.952     0.872     0.962     0.973     0.942     0.957     0.865     0.896     0.790     0.732     0.758     0.738     0.836     0.925     0.817     0.811     0.854  
S1-D3:      0.983     0.988     1.000     0.919     0.662     0.931     0.959     0.981     0.981     0.929     0.960     0.723     0.850     0.959     0.961     0.863     0.895     0.952     0.942     0.767     0.706     0.869     0.832     0.889     0.917     0.727     0.785     0.785     0.732     0.939     0.963     0.971     0.818     0.860     0.922     0.841     0.970     0.974     0.951     0.937     0.846     0.886     0.773     0.707     0.745     0.719     0.820     0.925     0.806     0.780     0.844  
S2-D2:      0.900     0.944     0.919     1.000     0.841     0.989     0.871     0.922     0.905     0.987     0.959     0.869     0.929     0.963     0.945     0.935     0.953     0.922     0.952     0.893     0.864     0.968     0.908     0.964     0.971     0.873     0.896     0.886     0.838     0.961     0.878     0.916     0.911     0.952     0.951     0.933     0.868     0.909     0.914     0.974     0.951     0.952     0.912     0.862     0.864     0.873     0.925     0.954     0.920     0.919     0.928  
S2-D4:      0.699     0.719     0.662     0.841     1.000     0.845     0.684     0.723     0.679     0.853     0.822     0.963     0.909     0.806     0.776     0.861     0.841     0.754     0.798     0.870     0.850     0.845     0.872     0.840     0.771     0.938     0.883     0.873     0.819     0.823     0.605     0.688     0.952     0.918     0.864     0.945     0.576     0.666     0.720     0.863     0.871     0.845     0.836     0.863     0.830     0.846     0.835     0.811     0.850     0.882     0.753  
S2-D9:      0.920     0.952     0.931     0.989     0.845     1.000     0.897     0.944     0.923     0.986     0.973     0.859     0.936     0.977     0.956     0.943     0.955     0.932     0.957     0.893     0.847     0.969     0.924     0.968     0.978     0.861     0.889     0.880     0.831     0.964     0.881     0.924     0.925     0.957     0.961     0.941     0.877     0.916     0.920     0.978     0.944     0.942     0.889     0.852     0.867     0.860     0.934     0.956     0.903     0.918     0.939  
S3-D1:      0.981     0.964     0.959     0.871     0.684     0.897     1.000     0.965     0.980     0.907     0.941     0.729     0.825     0.926     0.938     0.824     0.852     0.925     0.903     0.714     0.654     0.798     0.796     0.848     0.857     0.702     0.744     0.738     0.675     0.921     0.929     0.954     0.831     0.854     0.918     0.830     0.942     0.950     0.922     0.912     0.795     0.832     0.694     0.643     0.684     0.644     0.756     0.870     0.732     0.729     0.775  
S3-D3:      0.972     0.979     0.981     0.922     0.723     0.944     0.965     1.000     0.976     0.938     0.978     0.776     0.892     0.975     0.984     0.911     0.929     0.958     0.953     0.820     0.762     0.881     0.880     0.920     0.914     0.777     0.836     0.827     0.778     0.932     0.923     0.943     0.868     0.888     0.936     0.886     0.931     0.940     0.923     0.945     0.873     0.888     0.793     0.757     0.793     0.757     0.854     0.921     0.828     0.824     0.858  
S3-D5:      0.984     0.974     0.981     0.905     0.679     0.923     0.980     0.976     1.000     0.922     0.950     0.723     0.848     0.951     0.961     0.860     0.895     0.953     0.938     0.767     0.712     0.849     0.824     0.889     0.893     0.714     0.777     0.770     0.720     0.925     0.945     0.963     0.824     0.854     0.918     0.838     0.957     0.966     0.944     0.928     0.839     0.869     0.757     0.697     0.737     0.707     0.808     0.904     0.788     0.777     0.828  
S4-D2:      0.929     0.961     0.929     0.987     0.853     0.986     0.907     0.938     0.922     1.000     0.977     0.884     0.934     0.967     0.951     0.932     0.944     0.929     0.954     0.880     0.846     0.949     0.910     0.958     0.955     0.872     0.891     0.877     0.815     0.973     0.895     0.933     0.933     0.960     0.971     0.942     0.885     0.921     0.914     0.982     0.936     0.941     0.881     0.840     0.842     0.841     0.900     0.944     0.896     0.903     0.892  
S4-D3:      0.958     0.974     0.960     0.959     0.822     0.973     0.941     0.978     0.950     0.977     1.000     0.856     0.943     0.988     0.981     0.945     0.954     0.961     0.972     0.873     0.819     0.927     0.928     0.951     0.939     0.854     0.890     0.884     0.828     0.961     0.907     0.939     0.926     0.938     0.972     0.945     0.909     0.934     0.926     0.980     0.922     0.934     0.853     0.828     0.848     0.822     0.897     0.951     0.883     0.884     0.877  
S4-D4:      0.750     0.775     0.723     0.869     0.963     0.859     0.729     0.776     0.723     0.884     0.856     1.000     0.926     0.838     0.827     0.883     0.869     0.792     0.830     0.868     0.870     0.846     0.860     0.850     0.778     0.974     0.923     0.906     0.845     0.866     0.687     0.744     0.955     0.935     0.895     0.958     0.652     0.722     0.766     0.898     0.895     0.885     0.862     0.861     0.817     0.841     0.820     0.846     0.885     0.873     0.746  
S4-D6:      0.849     0.868     0.850     0.929     0.909     0.936     0.825     0.892     0.848     0.934     0.943     0.926     1.000     0.949     0.940     0.975     0.963     0.926     0.948     0.949     0.897     0.938     0.969     0.945     0.893     0.939     0.967     0.952     0.931     0.885     0.761     0.811     0.937     0.921     0.915     0.976     0.761     0.809     0.844     0.944     0.956     0.938     0.914     0.923     0.930     0.915     0.939     0.939     0.941     0.941     0.879  
S5-D3:      0.945     0.961     0.959     0.963     0.806     0.977     0.926     0.975     0.951     0.967     0.988     0.838     0.949     1.000     0.989     0.956     0.969     0.967     0.977     0.890     0.829     0.946     0.930     0.957     0.955     0.849     0.897     0.889     0.844     0.944     0.889     0.920     0.904     0.925     0.947     0.934     0.894     0.921     0.925     0.972     0.932     0.938     0.871     0.842     0.867     0.844     0.918     0.959     0.898     0.891     0.904  
S5-D5:      0.947     0.961     0.961     0.945     0.776     0.956     0.938     0.984     0.961     0.951     0.981     0.827     0.940     0.989     1.000     0.957     0.971     0.977     0.981     0.885     0.834     0.914     0.920     0.951     0.925     0.842     0.903     0.892     0.856     0.927     0.891     0.917     0.890     0.901     0.936     0.922     0.900     0.919     0.918     0.961     0.928     0.931     0.866     0.836     0.863     0.836     0.902     0.951     0.894     0.882     0.884  
S5-D6:      0.845     0.878     0.863     0.935     0.861     0.943     0.824     0.911     0.860     0.932     0.945     0.883     0.975     0.956     0.957     1.000     0.991     0.931     0.965     0.978     0.940     0.945     0.976     0.978     0.905     0.915     0.971     0.956     0.941     0.874     0.771     0.816     0.919     0.902     0.908     0.958     0.776     0.814     0.836     0.939     0.978     0.939     0.943     0.949     0.958     0.943     0.965     0.937     0.956     0.966     0.907  
S5-D7:      0.874     0.903     0.895     0.953     0.841     0.955     0.852     0.929     0.895     0.944     0.954     0.869     0.963     0.969     0.971     0.991     1.000     0.951     0.978     0.962     0.933     0.950     0.952     0.980     0.919     0.899     0.955     0.945     0.920     0.896     0.811     0.854     0.909     0.906     0.923     0.948     0.818     0.856     0.876     0.955     0.980     0.956     0.947     0.929     0.934     0.929     0.952     0.954     0.960     0.953     0.909  
S6-D5:      0.941     0.944     0.952     0.922     0.754     0.932     0.925     0.958     0.953     0.929     0.961     0.792     0.926     0.967     0.977     0.931     0.951     1.000     0.988     0.869     0.811     0.893     0.905     0.930     0.901     0.824     0.888     0.896     0.865     0.906     0.886     0.915     0.862     0.865     0.920     0.903     0.909     0.929     0.939     0.954     0.924     0.945     0.867     0.835     0.861     0.838     0.890     0.968     0.900     0.869     0.869  
S6-D7:      0.923     0.944     0.942     0.952     0.798     0.957     0.903     0.953     0.938     0.954     0.972     0.830     0.948     0.977     0.981     0.965     0.978     0.988     1.000     0.918     0.871     0.927     0.940     0.968     0.926     0.861     0.923     0.922     0.896     0.921     0.875     0.908     0.893     0.899     0.934     0.931     0.887     0.913     0.920     0.968     0.959     0.959     0.912     0.886     0.907     0.889     0.933     0.975     0.933     0.920     0.903  
S7-D6:      0.744     0.786     0.767     0.893     0.870     0.893     0.714     0.820     0.767     0.880     0.873     0.868     0.949     0.890     0.885     0.978     0.962     0.869     0.918     1.000     0.975     0.924     0.963     0.954     0.850     0.916     0.971     0.955     0.956     0.803     0.666     0.720     0.888     0.858     0.843     0.931     0.666     0.717     0.757     0.883     0.972     0.909     0.962     0.984     0.982     0.979     0.965     0.893     0.960     0.979     0.886  
S7-D7:      0.687     0.735     0.706     0.864     0.850     0.847     0.654     0.762     0.712     0.846     0.819     0.870     0.897     0.829     0.834     0.940     0.933     0.811     0.871     0.975     1.000     0.881     0.899     0.923     0.787     0.909     0.952     0.932     0.926     0.770     0.630     0.684     0.861     0.830     0.818     0.895     0.622     0.675     0.713     0.850     0.957     0.887     0.966     0.966     0.937     0.960     0.912     0.844     0.952     0.955     0.830  
S7-D8:      0.843     0.884     0.869     0.968     0.845     0.969     0.798     0.881     0.849     0.949     0.927     0.846     0.938     0.946     0.914     0.945     0.950     0.893     0.927     0.924     0.881     1.000     0.931     0.956     0.968     0.867     0.903     0.892     0.858     0.902     0.798     0.842     0.885     0.913     0.905     0.923     0.791     0.840     0.862     0.935     0.950     0.931     0.923     0.896     0.899     0.905     0.952     0.929     0.927     0.934     0.938  
S7-D14:      0.822     0.852     0.832     0.908     0.872     0.924     0.796     0.880     0.824     0.910     0.928     0.860     0.969     0.930     0.920     0.976     0.952     0.905     0.940     0.963     0.899     0.931     1.000     0.961     0.893     0.894     0.945     0.936     0.930     0.849     0.728     0.782     0.919     0.889     0.884     0.952     0.733     0.771     0.795     0.912     0.946     0.897     0.899     0.937     0.966     0.929     0.975     0.910     0.916     0.962     0.912  
S8-D7:      0.869     0.911     0.889     0.964     0.840     0.968     0.848     0.920     0.889     0.958     0.951     0.850     0.945     0.957     0.951     0.978     0.980     0.930     0.968     0.954     0.923     0.956     0.961     1.000     0.944     0.868     0.929     0.911     0.893     0.900     0.813     0.860     0.912     0.911     0.925     0.935     0.818     0.851     0.853     0.947     0.969     0.929     0.932     0.916     0.934     0.921     0.967     0.934     0.933     0.968     0.941  
S8-D8:      0.885     0.931     0.917     0.971     0.771     0.978     0.857     0.914     0.893     0.955     0.939     0.778     0.893     0.955     0.925     0.905     0.919     0.901     0.926     0.850     0.787     0.968     0.893     0.944     1.000     0.790     0.834     0.824     0.787     0.923     0.857     0.893     0.851     0.903     0.905     0.880     0.860     0.890     0.888     0.932     0.901     0.901     0.853     0.812     0.839     0.829     0.922     0.927     0.864     0.885     0.950  
S9-D4:      0.734     0.764     0.727     0.873     0.938     0.861     0.702     0.777     0.714     0.872     0.854     0.974     0.939     0.849     0.842     0.915     0.899     0.824     0.861     0.916     0.909     0.867     0.894     0.868     0.790     1.000     0.967     0.969     0.922     0.847     0.679     0.726     0.938     0.916     0.872     0.966     0.651     0.715     0.783     0.900     0.937     0.926     0.916     0.928     0.889     0.912     0.872     0.888     0.941     0.910     0.789  
S9-D6:      0.771     0.806     0.785     0.896     0.883     0.889     0.744     0.836     0.777     0.891     0.890     0.923     0.967     0.897     0.903     0.971     0.955     0.888     0.923     0.971     0.952     0.903     0.945     0.929     0.834     0.967     1.000     0.988     0.975     0.835     0.709     0.745     0.908     0.883     0.865     0.957     0.702     0.746     0.796     0.907     0.973     0.940     0.954     0.966     0.954     0.953     0.930     0.916     0.972     0.951     0.849  
S9-D12:      0.771     0.800     0.785     0.886     0.873     0.880     0.738     0.827     0.770     0.877     0.884     0.906     0.952     0.889     0.892     0.956     0.945     0.896     0.922     0.955     0.932     0.892     0.936     0.911     0.824     0.969     0.988     1.000     0.976     0.836     0.714     0.753     0.905     0.879     0.865     0.956     0.710     0.756     0.820     0.911     0.971     0.955     0.951     0.966     0.951     0.955     0.925     0.932     0.976     0.941     0.846  
S9-D14:      0.704     0.738     0.732     0.838     0.819     0.831     0.675     0.778     0.720     0.815     0.828     0.845     0.931     0.844     0.856     0.941     0.920     0.865     0.896     0.956     0.926     0.858     0.930     0.893     0.787     0.922     0.975     0.976     1.000     0.753     0.636     0.676     0.837     0.801     0.789     0.906     0.645     0.685     0.749     0.846     0.949     0.906     0.941     0.965     0.971     0.962     0.930     0.892     0.957     0.937     0.848  
S10-D9:      0.946     0.964     0.939     0.961     0.823     0.964     0.921     0.932     0.925     0.973     0.961     0.866     0.885     0.944     0.927     0.874     0.896     0.906     0.921     0.803     0.770     0.902     0.849     0.900     0.923     0.847     0.835     0.836     0.753     1.000     0.940     0.968     0.922     0.967     0.978     0.922     0.915     0.953     0.950     0.979     0.889     0.928     0.824     0.766     0.765     0.771     0.838     0.932     0.851     0.834     0.845  
S10-D10:      0.961     0.961     0.963     0.878     0.605     0.881     0.929     0.923     0.945     0.895     0.907     0.687     0.761     0.889     0.891     0.771     0.811     0.886     0.875     0.666     0.630     0.798     0.728     0.813     0.857     0.679     0.709     0.714     0.636     0.940     1.000     0.983     0.770     0.835     0.899     0.783     0.986     0.982     0.950     0.903     0.780     0.851     0.710     0.617     0.636     0.632     0.722     0.872     0.744     0.699     0.761  
S10-D11:      0.977     0.979     0.971     0.916     0.688     0.924     0.954     0.943     0.963     0.933     0.939     0.744     0.811     0.920     0.917     0.816     0.854     0.915     0.908     0.720     0.684     0.842     0.782     0.860     0.893     0.726     0.745     0.753     0.676     0.968     0.983     1.000     0.836     0.886     0.948     0.837     0.977     0.992     0.963     0.943     0.827     0.882     0.754     0.671     0.687     0.685     0.776     0.905     0.782     0.758     0.810  
S11-D4:      0.847     0.862     0.818     0.911     0.952     0.925     0.831     0.868     0.824     0.933     0.926     0.955     0.937     0.904     0.890     0.919     0.909     0.862     0.893     0.888     0.861     0.885     0.919     0.912     0.851     0.938     0.908     0.905     0.837     0.922     0.770     0.836     1.000     0.975     0.955     0.984     0.744     0.807     0.835     0.948     0.916     0.904     0.852     0.861     0.849     0.846     0.879     0.895     0.877     0.905     0.828  
S11-D9:      0.873     0.899     0.860     0.952     0.918     0.957     0.854     0.888     0.854     0.960     0.938     0.935     0.921     0.925     0.901     0.902     0.906     0.865     0.899     0.858     0.830     0.913     0.889     0.911     0.903     0.916     0.883     0.879     0.801     0.967     0.835     0.886     0.975     1.000     0.962     0.967     0.801     0.859     0.881     0.966     0.911     0.917     0.848     0.826     0.819     0.822     0.875     0.913     0.872     0.882     0.857  
S11-D11:      0.940     0.952     0.922     0.951     0.864     0.961     0.918     0.936     0.918     0.971     0.972     0.895     0.915     0.947     0.936     0.908     0.923     0.920     0.934     0.843     0.818     0.905     0.884     0.925     0.905     0.872     0.865     0.865     0.789     0.978     0.899     0.948     0.955     0.962     1.000     0.950     0.890     0.932     0.927     0.985     0.913     0.934     0.850     0.806     0.798     0.802     0.858     0.934     0.874     0.872     0.844  
S11-D12:      0.853     0.872     0.841     0.933     0.945     0.941     0.830     0.886     0.838     0.942     0.945     0.958     0.976     0.934     0.922     0.958     0.948     0.903     0.931     0.931     0.895     0.923     0.952     0.935     0.880     0.966     0.957     0.956     0.906     0.922     0.783     0.837     0.984     0.967     0.950     1.000     0.766     0.823     0.863     0.963     0.956     0.947     0.905     0.913     0.905     0.900     0.921     0.936     0.934     0.937     0.862  
S12-D10:      0.964     0.962     0.970     0.868     0.576     0.877     0.942     0.931     0.957     0.885     0.909     0.652     0.761     0.894     0.900     0.776     0.818     0.909     0.887     0.666     0.622     0.791     0.733     0.818     0.860     0.651     0.702     0.710     0.645     0.915     0.986     0.977     0.744     0.801     0.890     0.766     1.000     0.987     0.951     0.896     0.780     0.848     0.709     0.617     0.646     0.631     0.728     0.879     0.743     0.699     0.772  
S12-D11:      0.973     0.973     0.974     0.909     0.666     0.916     0.950     0.940     0.966     0.921     0.934     0.722     0.809     0.921     0.919     0.814     0.856     0.929     0.913     0.717     0.675     0.840     0.771     0.851     0.890     0.715     0.746     0.756     0.685     0.953     0.982     0.992     0.807     0.859     0.932     0.823     0.987     1.000     0.977     0.937     0.828     0.894     0.762     0.672     0.688     0.688     0.770     0.916     0.793     0.749     0.803  
S12-D13:      0.952     0.942     0.951     0.914     0.720     0.920     0.922     0.923     0.944     0.914     0.926     0.766     0.844     0.925     0.918     0.836     0.876     0.939     0.920     0.757     0.713     0.862     0.795     0.853     0.888     0.783     0.796     0.820     0.749     0.950     0.950     0.963     0.835     0.881     0.927     0.863     0.951     0.977     1.000     0.948     0.863     0.935     0.803     0.726     0.736     0.743     0.803     0.948     0.843     0.781     0.826  
S13-D11:      0.939     0.957     0.937     0.974     0.863     0.978     0.912     0.945     0.928     0.982     0.980     0.898     0.944     0.972     0.961     0.939     0.955     0.954     0.968     0.883     0.850     0.935     0.912     0.947     0.932     0.900     0.907     0.911     0.846     0.979     0.903     0.943     0.948     0.966     0.985     0.963     0.896     0.937     0.948     1.000     0.950     0.971     0.896     0.855     0.852     0.856     0.901     0.975     0.922     0.902     0.882  
S13-D12:      0.826     0.865     0.846     0.951     0.871     0.944     0.795     0.873     0.839     0.936     0.922     0.895     0.956     0.932     0.928     0.978     0.980     0.924     0.959     0.972     0.957     0.950     0.946     0.969     0.901     0.937     0.973     0.971     0.949     0.889     0.780     0.827     0.916     0.911     0.913     0.956     0.780     0.828     0.863     0.950     1.000     0.974     0.983     0.963     0.954     0.965     0.960     0.956     0.987     0.972     0.910  
S13-D13:      0.871     0.896     0.886     0.952     0.845     0.942     0.832     0.888     0.869     0.941     0.934     0.885     0.938     0.938     0.931     0.939     0.956     0.945     0.959     0.909     0.887     0.931     0.897     0.929     0.901     0.926     0.940     0.955     0.906     0.928     0.851     0.882     0.904     0.917     0.934     0.947     0.848     0.894     0.935     0.971     0.974     1.000     0.952     0.908     0.889     0.913     0.909     0.983     0.973     0.917     0.874  
S13-D15:      0.738     0.790     0.773     0.912     0.836     0.889     0.694     0.793     0.757     0.881     0.853     0.862     0.914     0.871     0.866     0.943     0.947     0.867     0.912     0.962     0.966     0.923     0.899     0.932     0.853     0.916     0.954     0.951     0.941     0.824     0.710     0.754     0.852     0.848     0.850     0.905     0.709     0.762     0.803     0.896     0.983     0.952     1.000     0.971     0.941     0.978     0.933     0.916     0.991     0.960     0.873  
S14-D12:      0.681     0.732     0.707     0.862     0.863     0.852     0.643     0.757     0.697     0.840     0.828     0.861     0.923     0.842     0.836     0.949     0.929     0.835     0.886     0.984     0.966     0.896     0.937     0.916     0.812     0.928     0.966     0.966     0.965     0.766     0.617     0.671     0.861     0.826     0.806     0.913     0.617     0.672     0.726     0.855     0.963     0.908     0.971     1.000     0.980     0.993     0.947     0.877     0.968     0.972     0.856  
S14-D14:      0.712     0.758     0.745     0.864     0.830     0.867     0.684     0.793     0.737     0.842     0.848     0.817     0.930     0.867     0.863     0.958     0.934     0.861     0.907     0.982     0.937     0.899     0.966     0.934     0.839     0.889     0.954     0.951     0.971     0.765     0.636     0.687     0.849     0.819     0.798     0.905     0.646     0.688     0.736     0.852     0.954     0.889     0.941     0.980     1.000     0.980     0.976     0.886     0.944     0.971     0.900  
S14-D15:      0.686     0.738     0.719     0.873     0.846     0.860     0.644     0.757     0.707     0.841     0.822     0.841     0.915     0.844     0.836     0.943     0.929     0.838     0.889     0.979     0.960     0.905     0.929     0.921     0.829     0.912     0.953     0.955     0.962     0.771     0.632     0.685     0.846     0.822     0.802     0.900     0.631     0.688     0.743     0.856     0.965     0.913     0.978     0.993     0.980     1.000     0.957     0.888     0.972     0.974     0.882  
S14-D16:      0.788     0.836     0.820     0.925     0.835     0.934     0.756     0.854     0.808     0.900     0.897     0.820     0.939     0.918     0.902     0.965     0.952     0.890     0.933     0.965     0.912     0.952     0.975     0.967     0.922     0.872     0.930     0.925     0.930     0.838     0.722     0.776     0.879     0.875     0.858     0.921     0.728     0.770     0.803     0.901     0.960     0.909     0.933     0.947     0.976     0.957     1.000     0.922     0.936     0.977     0.968  
S15-D13:      0.906     0.925     0.925     0.954     0.811     0.956     0.870     0.921     0.904     0.944     0.951     0.846     0.939     0.959     0.951     0.937     0.954     0.968     0.975     0.893     0.844     0.929     0.910     0.934     0.927     0.888     0.916     0.932     0.892     0.932     0.872     0.905     0.895     0.913     0.934     0.936     0.879     0.916     0.948     0.975     0.956     0.983     0.916     0.877     0.886     0.888     0.922     1.000     0.947     0.907     0.909  
S15-D15:      0.779     0.817     0.806     0.920     0.850     0.903     0.732     0.828     0.788     0.896     0.883     0.885     0.941     0.898     0.894     0.956     0.960     0.900     0.933     0.960     0.952     0.927     0.916     0.933     0.864     0.941     0.972     0.976     0.957     0.851     0.744     0.782     0.877     0.872     0.874     0.934     0.743     0.793     0.843     0.922     0.987     0.973     0.991     0.968     0.944     0.972     0.936     0.947     1.000     0.958     0.877  
S16-D15:      0.763     0.811     0.780     0.919     0.882     0.918     0.729     0.824     0.777     0.903     0.884     0.873     0.941     0.891     0.882     0.966     0.953     0.869     0.920     0.979     0.955     0.934     0.962     0.968     0.885     0.910     0.951     0.941     0.937     0.834     0.699     0.758     0.905     0.882     0.872     0.937     0.699     0.749     0.781     0.902     0.972     0.917     0.960     0.972     0.971     0.974     0.977     0.907     0.958     1.000     0.926  
S16-D16:      0.807     0.854     0.844     0.928     0.753     0.939     0.775     0.858     0.828     0.892     0.877     0.746     0.879     0.904     0.884     0.907     0.909     0.869     0.903     0.886     0.830     0.938     0.912     0.941     0.950     0.789     0.849     0.846     0.848     0.845     0.761     0.810     0.828     0.857     0.844     0.862     0.772     0.803     0.826     0.882     0.910     0.874     0.873     0.856     0.900     0.882     0.968     0.909     0.877     0.926     1.000  

Correlations for deoxy-Hb
S1-D1:      1.000     0.878     0.900     0.519     0.428     0.522     0.863     0.849     0.456     0.664     0.531     0.183     0.601     0.364     0.579     0.675     0.429     0.276     0.480     0.636     0.585     0.569     0.678     0.713     0.535     0.465     0.722     0.673     0.686     0.638     0.820     0.789     0.153     0.459     0.475     0.232     0.926     0.797     0.857     0.670     0.679     0.793     0.694     0.670     0.693     0.708     0.703     0.522     0.737     0.676     0.736  
S1-D2:      0.878     1.000     0.768     0.526     0.582     0.500     0.715     0.900     0.440     0.859     0.751     0.343     0.803     0.413     0.432     0.790     0.417     0.147     0.277     0.717     0.650     0.702     0.891     0.829     0.650     0.638     0.877     0.768     0.667     0.848     0.867     0.718     0.296     0.624     0.729     0.565     0.844     0.681     0.734     0.864     0.778     0.772     0.716     0.830     0.738     0.775     0.885     0.348     0.839     0.774     0.867  
S1-D3:      0.900     0.768     1.000     0.773     0.442     0.723     0.738     0.780     0.557     0.639     0.638     0.229     0.703     0.650     0.679     0.761     0.648     0.331     0.614     0.667     0.531     0.610     0.594     0.674     0.654     0.649     0.706     0.792     0.849     0.553     0.824     0.891     0.269     0.424     0.445     0.261     0.873     0.885     0.857     0.706     0.798     0.802     0.804     0.662     0.719     0.798     0.693     0.618     0.730     0.623     0.774  
S2-D2:      0.519     0.526     0.773     1.000     0.552     0.948     0.483     0.561     0.487     0.581     0.779     0.375     0.781     0.906     0.741     0.786     0.765     0.346     0.653     0.617     0.385     0.609     0.425     0.523     0.666     0.829     0.643     0.867     0.889     0.402     0.597     0.810     0.523     0.413     0.366     0.411     0.571     0.808     0.649     0.658     0.853     0.678     0.746     0.526     0.561     0.755     0.602     0.658     0.654     0.502     0.738  
S2-D4:      0.428     0.582     0.442     0.552     1.000     0.657     0.318     0.454     0.052     0.792     0.589     0.761     0.679     0.419     0.249     0.591     0.360    -0.176     0.061     0.457     0.314     0.615     0.653     0.514     0.549     0.764     0.640     0.673     0.556     0.737     0.446     0.577     0.834     0.827     0.546     0.803     0.450     0.449     0.426     0.679     0.668     0.524     0.553     0.619     0.474     0.653     0.674     0.200     0.642     0.507     0.682  
S2-D9:      0.522     0.500     0.723     0.948     0.657     1.000     0.547     0.536     0.337     0.588     0.717     0.423     0.689     0.843     0.765     0.728     0.716     0.280     0.631     0.580     0.310     0.548     0.388     0.458     0.590     0.762     0.569     0.812     0.846     0.438     0.538     0.837     0.640     0.546     0.342     0.420     0.577     0.805     0.657     0.597     0.780     0.638     0.702     0.458     0.533     0.719     0.538     0.696     0.616     0.413     0.664  
S3-D1:      0.863     0.715     0.738     0.483     0.318     0.547     1.000     0.819     0.405     0.422     0.441     0.086     0.405     0.336     0.788     0.611     0.467     0.526     0.677     0.610     0.579     0.498     0.463     0.620     0.415     0.259     0.576     0.520     0.563     0.415     0.576     0.660     0.051     0.358     0.254     0.021     0.819     0.791     0.856     0.465     0.544     0.780     0.576     0.527     0.604     0.608     0.545     0.740     0.704     0.619     0.599  
S3-D3:      0.849     0.900     0.780     0.561     0.454     0.536     0.819     1.000     0.602     0.665     0.751     0.230     0.729     0.544     0.612     0.825     0.551     0.408     0.450     0.742     0.659     0.667     0.799     0.833     0.700     0.545     0.763     0.670     0.612     0.732     0.846     0.700     0.179     0.557     0.620     0.412     0.844     0.740     0.752     0.793     0.712     0.743     0.710     0.778     0.803     0.757     0.817     0.483     0.805     0.706     0.781  
S3-D5:      0.456     0.440     0.557     0.487     0.052     0.337     0.405     0.602     1.000     0.268     0.454     0.199     0.508     0.619     0.545     0.554     0.578     0.727     0.596     0.565     0.630     0.545     0.348     0.523     0.530     0.344     0.354     0.324     0.420     0.259     0.580     0.406    -0.033     0.203     0.130     0.026     0.462     0.620     0.479     0.525     0.464     0.483     0.510     0.458     0.663     0.469     0.488     0.465     0.493     0.473     0.483  
S4-D2:      0.664     0.859     0.639     0.581     0.792     0.588     0.422     0.665     0.268     1.000     0.751     0.592     0.844     0.456     0.258     0.737     0.405    -0.114     0.073     0.645     0.532     0.723     0.848     0.716     0.666     0.808     0.834     0.792     0.716     0.870     0.714     0.678     0.616     0.795     0.733     0.777     0.634     0.539     0.527     0.852     0.784     0.622     0.699     0.800     0.705     0.769     0.861     0.153     0.734     0.650     0.843  
S4-D3:      0.531     0.751     0.638     0.779     0.589     0.717     0.441     0.751     0.454     0.751     1.000     0.328     0.910     0.789     0.499     0.880     0.624     0.159     0.310     0.727     0.477     0.667     0.783     0.733     0.761     0.825     0.795     0.844     0.741     0.725     0.772     0.706     0.469     0.586     0.757     0.705     0.619     0.638     0.529     0.858     0.846     0.609     0.751     0.721     0.680     0.783     0.803     0.340     0.742     0.592     0.802  
S4-D4:      0.183     0.343     0.229     0.375     0.761     0.423     0.086     0.230     0.199     0.592     0.328     1.000     0.535     0.326     0.183     0.401     0.313     0.021     0.111     0.330     0.310     0.457     0.364     0.246     0.275     0.592     0.387     0.424     0.340     0.424     0.194     0.350     0.757     0.653     0.223     0.547     0.197     0.325     0.305     0.456     0.413     0.342     0.328     0.447     0.379     0.395     0.441     0.146     0.448     0.358     0.474  
S4-D6:      0.601     0.803     0.703     0.781     0.679     0.689     0.405     0.729     0.508     0.844     0.910     0.535     1.000     0.732     0.432     0.911     0.636     0.151     0.295     0.742     0.560     0.748     0.814     0.774     0.787     0.919     0.880     0.912     0.765     0.745     0.797     0.737     0.505     0.586     0.733     0.731     0.671     0.666     0.603     0.929     0.915     0.703     0.790     0.824     0.668     0.832     0.875     0.299     0.788     0.698     0.893  
S5-D3:      0.364     0.413     0.650     0.906     0.419     0.843     0.336     0.544     0.619     0.456     0.789     0.326     0.732     1.000     0.688     0.739     0.804     0.425     0.608     0.588     0.320     0.509     0.386     0.450     0.646     0.745     0.469     0.703     0.733     0.380     0.608     0.720     0.473     0.409     0.377     0.400     0.473     0.732     0.514     0.635     0.712     0.498     0.680     0.448     0.587     0.659     0.517     0.579     0.531     0.327     0.586  
S5-D5:      0.579     0.432     0.679     0.741     0.249     0.765     0.788     0.612     0.545     0.258     0.499     0.183     0.432     0.688     1.000     0.629     0.744     0.749     0.934     0.593     0.465     0.442     0.188     0.425     0.415     0.356     0.409     0.534     0.631     0.142     0.415     0.671     0.165     0.244     0.043    -0.062     0.617     0.863     0.782     0.370     0.551     0.688     0.578     0.354     0.521     0.567     0.361     0.934     0.584     0.413     0.488  
S5-D6:      0.675     0.790     0.761     0.786     0.591     0.728     0.611     0.825     0.554     0.737     0.880     0.401     0.911     0.739     0.629     1.000     0.808     0.354     0.483     0.902     0.706     0.795     0.779     0.875     0.834     0.786     0.872     0.853     0.765     0.680     0.770     0.779     0.348     0.552     0.687     0.549     0.788     0.770     0.750     0.893     0.911     0.826     0.898     0.873     0.745     0.921     0.859     0.474     0.858     0.740     0.860  
S5-D7:      0.429     0.417     0.648     0.765     0.360     0.716     0.467     0.551     0.578     0.405     0.624     0.313     0.636     0.804     0.744     0.808     1.000     0.568     0.684     0.788     0.571     0.619     0.399     0.621     0.702     0.569     0.515     0.590     0.641     0.327     0.489     0.660     0.259     0.350     0.359     0.237     0.600     0.752     0.684     0.616     0.695     0.700     0.818     0.635     0.642     0.793     0.553     0.657     0.660     0.477     0.587  
S6-D5:      0.276     0.147     0.331     0.346    -0.176     0.280     0.526     0.408     0.727    -0.114     0.159     0.021     0.151     0.425     0.749     0.354     0.568     1.000     0.822     0.393     0.468     0.294    -0.050     0.299     0.260    -0.013     0.096     0.079     0.179    -0.159     0.163     0.192    -0.249    -0.083    -0.244    -0.344     0.326     0.542     0.486     0.110     0.193     0.434     0.276     0.191     0.375     0.250     0.151     0.727     0.328     0.300     0.210  
S6-D7:      0.480     0.277     0.614     0.653     0.061     0.631     0.677     0.450     0.596     0.073     0.310     0.111     0.295     0.608     0.934     0.483     0.684     0.822     1.000     0.494     0.435     0.341     0.000     0.284     0.254     0.231     0.263     0.410     0.557    -0.055     0.313     0.574     0.045     0.053    -0.135    -0.252     0.522     0.819     0.747     0.224     0.443     0.632     0.480     0.222     0.410     0.434     0.216     0.942     0.472     0.360     0.371  
S7-D6:      0.636     0.717     0.667     0.617     0.457     0.580     0.610     0.742     0.565     0.645     0.727     0.330     0.742     0.588     0.593     0.902     0.788     0.393     0.494     1.000     0.862     0.806     0.695     0.851     0.700     0.573     0.769     0.666     0.703     0.612     0.671     0.702     0.216     0.519     0.615     0.361     0.762     0.744     0.752     0.821     0.813     0.833     0.919     0.845     0.787     0.887     0.781     0.453     0.853     0.751     0.743  
S7-D7:      0.585     0.650     0.531     0.385     0.314     0.310     0.579     0.659     0.630     0.532     0.477     0.310     0.560     0.320     0.465     0.706     0.571     0.468     0.435     0.862     1.000     0.865     0.588     0.792     0.571     0.391     0.714     0.462     0.520     0.445     0.491     0.430    -0.013     0.369     0.343     0.164     0.587     0.576     0.633     0.664     0.654     0.783     0.699     0.787     0.720     0.710     0.721     0.348     0.796     0.826     0.692  
S7-D8:      0.569     0.702     0.610     0.609     0.615     0.548     0.498     0.667     0.545     0.723     0.667     0.457     0.748     0.509     0.442     0.795     0.619     0.294     0.341     0.806     0.865     1.000     0.718     0.851     0.804     0.697     0.831     0.669     0.658     0.599     0.559     0.517     0.294     0.542     0.455     0.481     0.561     0.583     0.571     0.798     0.833     0.795     0.762     0.874     0.755     0.844     0.882     0.332     0.863     0.866     0.875  
S7-D14:      0.678     0.891     0.594     0.425     0.653     0.388     0.463     0.799     0.348     0.848     0.783     0.364     0.814     0.386     0.188     0.779     0.399    -0.050     0.000     0.695     0.588     0.718     1.000     0.872     0.765     0.670     0.848     0.686     0.543     0.924     0.806     0.569     0.351     0.674     0.865     0.754     0.715     0.474     0.521     0.897     0.744     0.633     0.714     0.884     0.731     0.776     0.924     0.080     0.788     0.728     0.826  
S8-D7:      0.713     0.829     0.674     0.523     0.514     0.458     0.620     0.833     0.523     0.716     0.733     0.246     0.774     0.450     0.425     0.875     0.621     0.299     0.284     0.851     0.792     0.851     0.872     1.000     0.879     0.603     0.862     0.664     0.596     0.738     0.731     0.565     0.132     0.512     0.686     0.512     0.781     0.603     0.650     0.857     0.810     0.814     0.838     0.941     0.786     0.882     0.924     0.300     0.867     0.856     0.852  
S8-D8:      0.535     0.650     0.654     0.666     0.549     0.590     0.415     0.700     0.530     0.666     0.761     0.275     0.787     0.646     0.415     0.834     0.702     0.260     0.254     0.700     0.571     0.804     0.765     0.879     1.000     0.719     0.736     0.665     0.600     0.648     0.654     0.533     0.262     0.505     0.593     0.576     0.612     0.538     0.476     0.805     0.789     0.648     0.783     0.838     0.740     0.850     0.855     0.284     0.720     0.665     0.801  
