3.001045942306519,1.093750953674316,2.683127164840698,2.237088680267334
2.958255052566528,1.093750953674316,2.6435706615448,2.237088680267334
2.837460041046143,1.093751788139343,2.54387640953064,2.237088680267334
2.64969539642334,1.093756794929504,2.391807794570923,2.237088441848755
2.4346764087677,1.093775629997253,2.208213806152344,2.237088203430176
2.208273410797119,1.093826055526733,2.044065952301025,2.23708701133728
1.969194293022156,1.093936443328857,1.928259611129761,2.237084865570068
1.767072558403015,1.094146251678467,1.829223155975342,2.237080574035645
1.574477434158325,1.0945063829422,1.783180356025696,2.237072944641113
1.416664004325867,1.095077276229858,1.741517782211304,2.237061023712158
1.301613211631775,1.095928072929382,1.732657074928284,2.237043380737305
1.199481725692749,1.09713351726532,1.723384380340576,2.237018585205078
1.117329239845276,1.098772168159485,1.73133647441864,2.236984491348267
1.054390549659729,1.100923657417297,1.715039610862732,2.236939907073975
1.003348708152771,1.103665590286255,1.734511852264404,2.236882925033569
0.994897723197937,1.107071876525879,1.777846217155457,2.236812353134155
1.011581778526306,1.111210346221924,1.813794851303101,2.2367262840271
1.026601672172546,1.116140961647034,1.88834536075592,2.236624002456665
1.052890539169312,1.121914267539978,1.96842634677887,2.236504316329956
1.089240550994873,1.128570675849915,2.069061517715454,2.236366271972656
1.105981707572937,1.136139512062073,2.166122436523438,2.236209154129028
1.157706499099731,1.144638895988464,2.217802286148071,2.236032724380493
1.177984118461609,1.154075503349304,2.286514759063721,2.235836982727051
1.171716809272766,1.164444923400879,2.336806535720825,2.235621929168701
1.17035698890686,1.175731897354126,2.401664972305298,2.235387563705444
1.154448986053467,1.187911510467529,2.469446659088135,2.235134840011597
1.120354056358337,1.200949430465698,2.541956186294556,2.234864473342896
1.098142385482788,1.214803338050842,2.615987777709961,2.234576940536499
1.023481965065002,1.229423522949219,2.699024200439453,2.234273672103882
0.94515061378479,1.244754195213318,2.78212833404541,2.23395562171936
0.8673626780509949,1.260734558105469,2.825351476669312,2.23362398147583
0.7800166606903076,1.277299761772156,2.867699146270752,2.233280181884766
0.732349693775177,1.294382095336914,2.886914014816284,2.232925891876221
0.6854954361915588,1.311911702156067,2.942774057388306,2.232562065124512
0.6382997035980225,1.3298180103302,2.987020492553711,2.232190608978271
0.6372609734535217,1.348029851913452,3.019888162612915,2.231812715530396
0.6459003090858459,1.366477131843567,3.062182188034058,2.231429815292358
0.6620922088623047,1.385090589523315,3.099705934524536,2.231043577194214
0.6882416009902954,1.40380322933197,3.116796493530273,2.230655431747437
0.7327572107315063,1.422550439834595,3.115248203277588,2.230266332626343
0.766172468662262,1.441270470619202,3.088716983795166,2.229877948760986
0.8379127383232117,1.459904789924622,3.054603815078735,2.229491472244263
0.9153050184249878,1.478398323059082,3.019294738769531,2.229107618331909
0.9884617924690247,1.496700048446655,3.012159824371338,2.2287278175354
1.079959630966187,1.51476263999939,3.006799697875977,2.228353261947632
1.149050116539001,1.532542705535889,3.038886547088623,2.227984189987183
1.241009831428528,1.55000114440918,3.036367416381836,2.227622032165527
1.302633166313171,1.567102789878845,3.057334184646606,2.227267265319824
1.322545647621155,1.583816289901733,3.065220355987549,2.226920366287231
1.31531286239624,1.600114345550537,3.050599098205566,2.226582288742065
1.268227696418762,1.615973234176636,3.005929708480835,2.226253032684326
1.233681201934814,1.631373167037964,2.953121662139893,2.22593355178833
1.164342164993286,1.646297454833984,2.863760232925415,2.225623846054077
1.068622589111328,1.660732865333557,2.759336471557617,2.225324392318726
0.9803422093391418,1.674669027328491,2.674351930618286,2.225035190582275
0.9194092750549316,1.688098669052124,2.573890447616577,2.224756717681885
0.8794059753417969,1.701017022132874,2.465803384780884,2.224488496780396
0.7948721051216125,1.713421821594238,2.346750497817993,2.224231243133545
0.622406005859375,1.725312948226929,2.204698085784912,2.223984479904175
0.3722906708717346,1.736692309379578,2.083102703094482,2.223748445510864
0.04590357467532158,1.747563600540161,1.91661536693573,2.223522901535034
-0.3100619912147522,1.757932305335999,1.71609365940094,2.223307609558105
-0.6486854553222656,1.767805099487305,1.516246676445007,2.223102807998657
-0.9308853149414062,1.777190089225769,1.320056200027466,2.222908020019531
-1.168282508850098,1.786096453666687,1.115308523178101,2.222723245620728
-1.25304913520813,1.794534206390381,0.9376254081726074,2.222548246383667
-1.221040606498718,1.80251407623291,0.7789424061775208,2.222382545471191
-1.128000020980835,1.810047745704651,0.6170967817306519,2.22222638130188
-0.9958563446998596,1.817147135734558,0.5038509964942932,2.222079038619995
-0.8475464582443237,1.823824644088745,0.3698217570781708,2.221940517425537
-0.5838292241096497,1.830092906951904,0.2489707469940186,2.221810340881348
-0.2827627658843994,1.835965037345886,0.1481090933084488,2.221688508987427
0.07214654982089996,1.841453909873962,0.08920715749263763,2.221574783325195
0.4821480810642242,1.846572637557983,0.06575170159339905,2.221468448638916
0.8916856050491333,1.85133421421051,0.09934816509485245,2.221369743347168
1.223902344703674,1.855751872062683,0.1266816556453705,2.221277952194214
1.458070516586304,1.859838247299194,0.2026327103376389,2.221193313598633
1.605275630950928,1.863606095314026,0.3010266125202179,2.221115112304688
1.695372819900513,1.867067933082581,0.3858037292957306,2.221043109893799
1.758198976516724,1.870236039161682,0.4549475312232971,2.220977544784546
1.832915544509888,1.873122453689575,0.5248181223869324,2.220917701721191
1.923959374427795,1.875738739967346,0.5741674900054932,2.220863342285156
2.03627872467041,1.878096580505371,0.6267107725143433,2.22081446647644
2.095341444015503,1.880206942558289,0.6592665910720825,2.220770597457886
2.197485208511353,1.882080674171448,0.6572160720825195,2.220731735229492
2.257345676422119,1.883728384971619,0.6058201789855957,2.220697641372681
2.275535821914673,1.885160207748413,0.5394970774650574,2.220667839050293
2.260755300521851,1.886386156082153,0.4676195383071899,2.220642328262329
2.248836040496826,1.887415766716003,0.424700915813446,2.220621109008789
2.247685670852661,1.888258337974548,0.3692074120044708,2.220603466033936
2.220155477523804,1.888922810554504,0.3464509844779968,2.220589637756348
2.196378231048584,1.889418005943298,0.3529368042945862,2.220579385757446
2.161189317703247,1.889752268791199,0.3604747653007507,2.220572471618652
2.11286735534668,1.889933824539185,0.3581161201000214,2.220568656921387
2.064840078353882,1.889970541000366,0.334575891494751,2.220567941665649
2.015971183776855,1.889869928359985,0.2830643951892853,2.220570087432861
2.034578561782837,1.889639616012573,0.2271848917007446,2.220574855804443
2.050321340560913,1.889286518096924,0.1659053564071655,2.220582246780396
2.059681415557861,1.888817667961121,0.1256287395954132,2.220592021942139
2.084958076477051,1.888239860534668,0.1028650254011154,2.220603942871094
2.093943119049072,1.887559294700623,0.06726974993944168,2.220618009567261
2.062472105026245,1.88678240776062,0.0429374948143959,2.22063422203064
2.025252103805542,1.885915279388428,-0.004867438692599535,2.220652103424072
1.952031254768372,1.884963750839233,-0.06389198452234268,2.220671892166138
1.81932520866394,1.883933424949646,-0.1268094629049301,2.220693349838257
1.692157745361328,1.882829904556274,-0.1864120364189148,2.220716238021851
1.554262399673462,1.881658554077148,-0.2290635108947754,2.220740556716919
1.454199910163879,1.880424380302429,-0.2291612774133682,2.220766067504883
1.371547698974609,1.879132390022278,-0.1965863555669785,2.220792770385742
1.277687907218933,1.877787590026855,-0.1488474458456039,2.220820903778076
1.226197957992554,1.876394271850586,-0.08178014308214188,2.220849752426147
1.184632062911987,1.874957323074341,-0.01789299584925175,2.220879554748535
1.178690910339355,1.873480796813965,0.001932577579282224,2.22091007232666
1.177412867546082,1.871968984603882,0.04127812758088112,2.220941543579102
1.19747269153595,1.870425939559937,0.03415629640221596,2.220973491668701
1.188992977142334,1.868855476379395,0.05414750427007675,2.221006155014038
1.192213654518127,1.867261409759521,0.05847698077559471,2.221039295196533
1.227559208869934,1.865647315979004,0.073504738509655,2.221072673797607
1.25079071521759,1.864016532897949,0.1109014078974724,2.22110652923584
1.279042482376099,1.862372517585754,0.1542123258113861,2.221140623092651
1.275263428688049,1.860718488693237,0.2041405141353607,2.221174955368042
1.276336193084717,1.859057188034058,0.259183943271637,2.221209526062012
1.300763726234436,1.857391834259033,0.3000045418739319,2.221244096755981
1.320705413818359,1.855725049972534,0.3710315823554993,2.221278667449951
1.358496427536011,1.854059338569641,0.423591822385788,2.221313238143921
1.372264504432678,1.852397441864014,0.496395081281662,2.221347570419312
1.424486637115479,1.850741505622864,0.5377910733222961,2.221381902694702
1.475918769836426,1.849093914031982,0.5991526246070862,2.221416234970093
1.574847817420959,1.847456693649292,0.6128106117248535,2.221450090408325
1.671794533729553,1.845831871032715,0.6220418810844421,2.221483945846558
1.754394292831421,1.844221234321594,0.6005074381828308,2.221517324447632
1.862325072288513,1.842626571655273,0.5681833028793335,2.221550226211548
1.962186694145203,1.841049551963806,0.5369065403938293,2.221583127975464
2.063259601593018,1.839491724967957,0.5147004127502441,2.221615314483643
2.178999900817871,1.83795428276062,0.4949428141117096,2.221647262573242
2.26044750213623,1.836438775062561,0.4993153214454651,2.221678733825684
2.353368043899536,1.834946155548096,0.5058467984199524,2.221709728240967
2.434557437896729,1.833477735519409,0.5186248421669006,2.221740245819092
2.504819869995117,1.832034230232239,0.5504471659660339,2.221770048141479
2.561653614044189,1.83061671257019,0.5733115673065186,2.221799612045288
2.627509832382202,1.829225897789001,0.5885776281356812,2.221828460693359
2.639488220214844,1.82786238193512,0.5989372730255127,2.221856594085693
2.656404256820679,1.826526999473572,0.5892699360847473,2.221884489059448
2.656591653823853,1.825220108032227,0.5692254900932312,2.221911430358887
2.647713899612427,1.823942184448242,0.516036331653595,2.221938133239746
2.615129470825195,1.822693586349487,0.4641558229923248,2.221963882446289
2.588956832885742,1.821474552154541,0.4214912056922913,2.221989154815674
2.51976490020752,1.820285439491272,0.4163609743118286,2.2220139503479
2.454089879989624,1.81912624835968,0.4153109192848206,2.22203803062439
2.359979391098022,1.817997097969055,0.4590331017971039,2.222061395645142
2.248852729797363,1.816897988319397,0.5559890866279602,2.222084283828735
2.18427038192749,1.815828919410706,0.6238826513290405,2.222106456756592
2.10761022567749,1.814789772033691,0.6988975405693054,2.222127914428711
2.049708843231201,1.813780546188354,0.7228849530220032,2.222148895263672
2.018179416656494,1.812800884246826,0.7019591927528381,2.222169160842896
1.979161620140076,1.811850547790527,0.6298182010650635,2.222188949584961
1.973475575447083,1.810929298400879,0.5119537115097046,2.222208023071289
1.95326554775238,1.810036897659302,0.3890574276447296,2.222226619720459
1.941424608230591,1.809172987937927,0.2189837098121643,2.222244501113892
1.886962294578552,1.808336973190308,0.05375813320279121,2.222261905670166
1.830858588218689,1.807528734207153,-0.08619346469640732,2.222278594970703
1.767587780952454,1.806747674942017,-0.2195267677307129,2.222294807434082
1.711615800857544,1.805993318557739,-0.3523219525814056,2.222310543060303
1.638773918151855,1.805265307426453,-0.4675068259239197,2.222325563430786
1.53244161605835,1.804562926292419,-0.5569949746131897,2.222340106964111
1.441590905189514,1.803885817527771,-0.6295714974403381,2.222354173660278
1.322659015655518,1.80323338508606,-0.676147997379303,2.222367763519287
1.234091758728027,1.802605152130127,-0.7078385949134827,2.222380638122559
1.126774907112122,1.802000403404236,-0.7074416279792786,2.222393274307251
0.9945136904716492,1.801418781280518,-0.6551102995872498,2.222405433654785
0.8784767389297485,1.800859570503235,-0.577171802520752,2.222416877746582
0.7687955498695374,1.80032217502594,-0.4834588766098022,2.2224280834198
0.7205851674079895,1.799805998802185,-0.4217664301395416,2.222438812255859
0.700613796710968,1.799310564994812,-0.3663952946662903,2.222449064254761
0.6904770135879517,1.798835277557373,-0.2796346247196198,2.222459077835083
0.7080879211425781,1.79837954044342,-0.2148502171039581,2.222468376159668
0.745526909828186,1.797942638397217,-0.1530719697475433,2.222477436065674
0.7744929194450378,1.797524094581604,-0.08560884743928909,2.222486257553101
0.8298446536064148,1.797123312950134,-0.03053266741335392,2.222494602203369
0.8504278063774109,1.79673969745636,0.06080115213990211,2.222502470016479
0.8408101797103882,1.796372771263123,0.1724387109279633,2.222510099411011
0.8465279340744019,1.796021938323975,0.284072607755661,2.222517251968384
0.847055971622467,1.795686721801758,0.4030024409294128,2.222524404525757
0.8595174551010132,1.795366287231445,0.5179092884063721,2.222530841827393
0.8818532228469849,1.795060515403748,0.6608704924583435,2.222537279129028
0.8872495293617249,1.794768571853638,0.8044219017028809,2.222543239593506
0.9148545265197754,1.794490098953247,0.9338775873184204,2.222549200057983
0.9524415731430054,1.794224500656128,1.047915101051331,2.222554683685303
0.9846498966217041,1.793971300125122,1.177903652191162,2.222559928894043
1.058196902275085,1.793730139732361,1.321457147598267,2.222564935684204
1.140854597091675,1.793500423431396,1.443260312080383,2.222569704055786
1.223056197166443,1.79328179359436,1.585485458374023,2.222574234008789
1.342519283294678,1.793073654174805,1.700239181518555,2.222578525543213
1.460042715072632,1.79287576675415,1.800745129585266,2.222582578659058
1.600874185562134,1.79268753528595,1.880682110786438,2.222586631774902
1.725002288818359,1.792508602142334,1.929856777191162,2.222590208053589
1.832662582397461,1.792338728904724,1.976895928382874,2.222593784332275
1.897438406944275,1.792177319526672,2.014092922210693,2.222597122192383
1.932847857475281,1.7920241355896,2.07262659072876,2.222600221633911
1.975939869880676,1.791878700256348,2.117328405380249,2.222603321075439
1.991387367248535,1.791740894317627,2.165135860443115,2.222606182098389
2.006088733673096,1.79161012172699,2.192832708358765,2.222608804702759
2.010116100311279,1.791486144065857,2.145167827606201,2.222611427307129
2.038186550140381,1.791368722915649,2.063679695129395,2.22261381149292
2.088501453399658,1.791257500648499,1.941462159156799,2.222616195678711
2.123294353485107,1.791152119636536,1.799452900886536,2.222618341445923
2.150152206420898,1.791052460670471,1.655380368232727,2.222620487213135
2.131587505340576,1.790958046913147,1.565479755401611,2.222622394561768
2.092565536499023,1.790868878364563,1.527717351913452,2.2226243019104
2.054882526397705,1.790784478187561,1.515774011611938,2.222625970840454
1.970270276069641,1.790704846382141,1.553928971290588,2.222627639770508
1.871471643447876,1.790629506111145,1.60061252117157,2.222629308700562
1.728134274482727,1.790558338165283,1.684655785560608,2.222630739212036
1.613416075706482,1.790491104125977,1.735598921775818,2.222632169723511
1.527415633201599,1.790427684783936,1.76071572303772,2.222633361816406
1.461238980293274,1.790367841720581,1.807428956031799,2.222634553909302
1.413204908370972,1.790311455726624,1.843301773071289,2.222635746002197
1.369955062866211,1.790258169174194,1.869019031524658,2.222636938095093
1.363766312599182,1.790207982063293,1.922393918037415,2.222637891769409
1.343194246292114,1.790160775184631,1.991545081138611,2.222638845443726
1.343514323234558,1.790116190910339,2.034613132476807,2.222639799118042
1.328594207763672,1.790074229240417,2.074103355407715,2.222640752792358
1.271594643592834,1.790034770965576,2.118869066238403,2.222641468048096
1.260315656661987,1.789997577667236,2.139082670211792,2.222642421722412
1.247377634048462,1.789962530136108,2.167094945907593,2.222643136978149
1.276029586791992,1.789929628372192,2.169865608215332,2.222643852233887
1.314192175865173,1.789898753166199,2.210501909255981,2.222644329071045
1.361525297164917,1.789869666099548,2.266215085983276,2.222645044326782
1.397219181060791,1.789842247962952,2.341421127319336,2.22264552116394
1.43682849407196,1.789816617965698,2.436610460281372,2.222645998001099
1.481896996498108,1.789792418479919,2.525820255279541,2.222646474838257
1.534159541130066,1.789769768714905,2.60134744644165,2.222646951675415
1.591839551925659,1.789748549461365,2.681637763977051,2.222647428512573
1.638382315635681,1.78972864151001,2.756940603256226,2.222647905349731
1.720102310180664,1.789709806442261,2.83818531036377,2.22264838218689
1.806156396865845,1.789692282676697,2.938412189483643,2.222648620605469
1.904664635658264,1.789675831794739,3.00519323348999,2.222649097442627
2.020186424255371,1.789660334587097,3.060601234436035,2.222649335861206
2.124898195266724,1.789645910263062,3.108502388000488,2.222649574279785
2.226544141769409,1.789632320404053,3.105377197265625,2.222649812698364
2.34661078453064,1.78961968421936,3.071122646331787,2.222650289535522
2.454476833343506,1.789607763290405,3.013398885726929,2.222650527954102
2.549131870269775,1.789596557617188,2.964140892028809,2.222650766372681
2.623889923095703,1.789586186408997,2.920609951019287,2.222650766372681
2.676432371139526,1.789576411247253,2.903993606567383,2.22265100479126
2.715201377868652,1.789567351341248,2.876352548599243,2.222651243209839
2.740351915359497,1.7895587682724,2.884945392608643,2.222651481628418
2.733175754547119,1.78955078125,2.871537923812866,2.222651720046997
2.721885204315186,1.789543271064758,2.853984117507935,2.222651720046997
2.695320606231689,1.789536356925964,2.824265718460083,2.222651958465576
2.676361560821533,1.789536356925964,2.738228797912598,2.222651958465576
2.657168865203857,1.789536356925964,2.639503955841064,2.222651958465576
2.670721054077148,1.789536356925964,2.520684719085693,2.222651958465576
2.647517204284668,1.789536356925964,2.362549066543579,2.222651958465576
2.64860200881958,1.789536356925964,2.175896883010864,2.222651958465576
2.640250444412231,1.789536356925964,1.929268956184387,2.222651958465576
2.608459711074829,1.789536356925964,1.709903478622437,2.222651958465576
2.586892366409302,1.789536356925964,1.490089774131775,2.222651958465576
2.538192987442017,1.789536356925964,1.30079174041748,2.222651958465576
2.445946455001831,1.789536356925964,1.155358076095581,2.222651958465576
2.332285165786743,1.789536356925964,1.053520441055298,2.222651958465576
2.168091773986816,1.789536356925964,1.022146582603455,2.222651958465576
1.992853164672852,1.789536356925964,1.046582579612732,2.222651958465576
1.786545515060425,1.789536356925964,1.103671431541443,2.222651958465576
1.569234251976013,1.789536356925964,1.165029168128967,2.222651958465576
1.321904182434082,1.789536356925964,1.229331851005554,2.222651958465576
1.106897830963135,1.789536356925964,1.28467071056366,2.222651958465576
0.9236933588981628,1.789536356925964,1.293720126152039,2.222651958465576
0.7565186619758606,1.789536356925964,1.300288438796997,2.222651958465576
0.6202808618545532,1.789536356925964,1.259113907814026,2.222651958465576
0.4743294715881348,1.789536356925964,1.221421480178833,2.222651958465576
0.3491369187831879,1.789536356925964,1.174813389778137,2.222651958465576
0.2462031990289688,1.789536356925964,1.117613196372986,2.222651958465576
0.1568868160247803,1.789536356925964,1.064802050590515,2.222651958465576
0.08909696340560913,1.789536356925964,1.005073428153992,2.222651958465576
0.02266797050833702,1.789536356925964,0.9478774070739746,2.222651958465576
-0.01758572459220886,1.789536356925964,0.904283344745636,2.222651958465576
-0.02899752743542194,1.789536356925964,0.8636848926544189,2.222651958465576
-0.0106843551620841,1.789536356925964,0.8082429170608521,2.222651958465576
0.01823914237320423,1.789536356925964,0.77313232421875,2.222651958465576
0.0430278554558754,1.789536356925964,0.7548445463180542,2.222651958465576
0.06877237558364868,1.789536356925964,0.7545303702354431,2.222651958465576
0.1123392283916473,1.789536356925964,0.7766072750091553,2.222651958465576
0.1595949530601501,1.789536356925964,0.7860060930252075,2.222651958465576
0.2114036828279495,1.789536356925964,0.815511167049408,2.222651958465576
0.258535623550415,1.789536356925964,0.8391936421394348,2.222651958465576
0.3024056553840637,1.789536356925964,0.8655072450637817,2.222651958465576
0.3857477009296417,1.789536356925964,0.8745497465133667,2.222651958465576
0.4600513875484467,1.789536356925964,0.8975297808647156,2.222651958465576
0.5492817163467407,1.789536356925964,0.8999439477920532,2.222651958465576
0.6284111738204956,1.789536356925964,0.929477334022522,2.222651958465576
0.7095242738723755,1.789536356925964,0.9667301177978516,2.222651958465576
0.8140804171562195,1.789536356925964,1.000125169754028,2.222651958465576
0.926717221736908,1.789536356925964,1.015733242034912,2.222651958465576
1.03673243522644,1.789536356925964,1.019899368286133,2.222651958465576
1.13062047958374,1.789536356925964,1.008452177047729,2.222651958465576
1.274138331413269,1.789536356925964,0.9802129864692688,2.222651958465576
1.397387862205505,1.789536356925964,0.9382697343826294,2.222651958465576
1.528441905975342,1.789536356925964,0.9019878506660461,2.222651958465576
1.655934810638428,1.789536356925964,0.8657000660896301,2.222651958465576
1.746819615364075,1.789536356925964,0.8591083884239197,2.222651958465576
1.82280707359314,1.789536356925964,0.8481780886650085,2.222651958465576
1.869207739830017,1.789536356925964,0.8503178954124451,2.222651958465576
1.872018098831177,1.789536356925964,0.8574795126914978,2.222651958465576
1.835225820541382,1.789536356925964,0.8901376724243164,2.222651958465576
1.782723546028137,1.789536356925964,0.9042422771453857,2.222651958465576
1.760445952415466,1.789536356925964,0.9242511987686157,2.222651958465576
1.749754905700684,1.789536356925964,0.9434722065925598,2.222651958465576
1.781500101089478,1.789536356925964,0.9428890943527222,2.222651958465576
1.832923173904419,1.789536356925964,0.9759130477905273,2.222651958465576
1.946335434913635,1.789536356925964,0.9934728741645813,2.222651958465576
2.064054489135742,1.789536356925964,1.007327079772949,2.222651958465576
2.167440891265869,1.789536356925964,1.043173551559448,2.222651958465576
2.261919736862183,1.789536356925964,1.078687071800232,2.222651958465576
2.323916435241699,1.789537191390991,1.131826877593994,2.222651720046997
2.352050542831421,1.789541959762573,1.188234448432922,2.222650289535522
2.364109754562378,1.789557576179504,1.244065761566162,2.22264552116394
2.355625629425049,1.789594411849976,1.31496262550354,2.222632646560669
2.336382865905762,1.789665579795837,1.365041851997375,2.222604513168335
2.345985889434814,1.789786338806152,1.407553553581238,2.222551345825195
2.373246431350708,1.789973139762878,1.44558322429657,2.222460746765137
2.409621477127075,1.790241837501526,1.48557984828949,2.222317457199097
2.452043533325195,1.790608048439026,1.511878371238708,2.222105026245117
2.498044967651367,1.791085124015808,1.560381650924683,2.22180438041687
2.517737150192261,1.791684746742249,1.626956939697266,2.221397161483765
2.519357681274414,1.792415857315063,1.71097195148468,2.220863342285156
2.470144748687744,1.793284773826599,1.804729461669922,2.220184326171875
2.41323447227478,1.794294953346252,1.897185802459717,2.219342470169067
2.337622404098511,1.795447111129761,1.971696734428406,2.218321084976196
2.26443076133728,1.79673969745636,2.041533946990967,2.217105865478516
2.207348823547363,1.798168540000916,2.077122211456299,2.215684652328491
2.169740200042725,1.799727320671082,2.110039949417114,2.214047908782959
2.128167390823364,1.801408052444458,2.120268106460571,2.212188482284546
2.115314722061157,1.80320131778717,2.113685369491577,2.210102796554565
2.091931819915771,1.805096507072449,2.111729145050049,2.207788944244385
2.061767101287842,1.807081818580627,2.097469091415405,2.205248355865479
2.01986026763916,1.809145212173462,2.055163145065308,2.202485084533691
1.98212206363678,1.811274170875549,2.044672250747681,2.19950532913208
1.908525586128235,1.813455939292908,2.011752128601074,2.196317434310913
1.825149059295654,1.815678238868713,1.985498189926147,2.19293212890625
1.728058815002441,1.817928552627563,1.958659648895264,2.189361333847046
1.618616461753845,1.820195317268372,1.933683276176453,2.185619115829468
1.498454689979553,1.822467088699341,1.888778209686279,2.18172025680542
1.374629139900208,1.82473349571228,1.838060736656189,2.177680492401123
1.224048018455505,1.826984643936157,1.776004314422607,2.173516511917114
1.080683350563049,1.829211473464966,1.686281204223633,2.169245004653931
0.9372945427894592,1.831405639648438,1.607962846755981,2.164883613586426
0.8118945956230164,1.833559989929199,1.538947463035583,2.160449266433716
0.7466151714324951,1.835667848587036,1.469008684158325,2.155959129333496
0.7094618082046509,1.837723612785339,1.411039710044861,2.151430130004883
0.6856949925422668,1.839722275733948,1.333258152008057,2.146878242492676
0.6999816298484802,1.841659903526306,1.304300904273987,2.142319440841675
0.7245285511016846,1.843532919883728,1.266114354133606,2.137768268585205
0.7429337501525879,1.845338702201843,1.234262704849243,2.133239507675171
0.789861261844635,1.847075343132019,1.179431676864624,2.128745794296265
0.8172966837882996,1.848741292953491,1.126822948455811,2.124300003051758
0.8416595458984375,1.850335597991943,1.077682018280029,2.119913339614868
0.8950172662734985,1.851858019828796,1.017612457275391,2.115596055984497
0.9672216176986694,1.85330855846405,0.9620770812034607,2.111357927322388
1.060723662376404,1.854687690734863,0.8889790773391724,2.107207298278809
1.185697913169861,1.855996131896973,0.8199595808982849,2.103151798248291
1.287973880767822,1.857235074043274,0.7755385637283325,2.099197626113892
1.410191535949707,1.858405947685242,0.7659855484962463,2.095350980758667
1.534960985183716,1.859510064125061,0.7788346409797668,2.091616153717041
1.661878228187561,1.860549449920654,0.7990323901176453,2.087997436523438
1.812785387039185,1.861525774002075,0.838095486164093,2.084497690200806
1.969594597816467,1.862441301345825,0.8672136664390564,2.081119537353516
2.112537622451782,1.863298058509827,0.9007164239883423,2.0778648853302
2.280581712722778,1.864098072052002,0.8893188834190369,2.074734449386597
2.427937507629395,1.864843726158142,0.8785498142242432,2.071729183197021
2.580555438995361,1.865537047386169,0.8137812614440918,2.068848609924316
2.733805418014526,1.866180419921875,0.7385929226875305,2.066092491149902
2.86749267578125,1.866775989532471,0.6887918710708618,2.063459873199463
2.974730730056763,1.867325782775879,0.6358899474143982,2.060949325561523
3.081328630447388,1.867832183837891,0.6285791397094727,2.058558940887451
3.181234836578369,1.868296980857849,0.6196290850639343,2.056287288665771
3.295358896255493,1.868722438812256,0.6181178689002991,2.054131746292114
3.405274629592896,1.869110345840454,0.6056533455848694,2.052089929580688
3.503034114837646,1.869462609291077,0.5848268270492554,2.050159215927124
3.606560230255127,1.869781017303467,0.5305092930793762,2.048336744308472
3.703737020492554,1.870067358016968,0.4807115495204926,2.046619653701782
3.792250871658325,1.870323300361633,0.4210830926895142,2.045004844665527
3.86604118347168,1.870550513267517,0.3469581007957458,2.043489217758179
3.896083831787109,1.870750308036804,0.3377209007740021,2.042069911956787
3.90099048614502,1.870924234390259,0.3249873518943787,2.040743112564087
3.911091566085815,1.871073722839355,0.3023351728916168,2.039506435394287
3.901227951049805,1.87119996547699,0.3006418943405151,2.038356065750122
3.883017778396606,1.871304392814636,0.2583518624305725,2.037289142608643
3.850861310958862,1.871387958526611,0.2280120700597763,2.036302328109741
3.796841382980347,1.8714519739151,0.1962876170873642,2.035392999649048
3.724278688430786,1.871497273445129,0.174712672829628,2.034557580947876
3.65128755569458,1.871525168418884,0.1650678366422653,2.033793449401855
3.531675577163696,1.871537208557129,0.194214329123497,2.033097505569458
3.369987487792969,1.87153697013855,0.2526318430900574,2.032466888427734
3.189819097518921,1.871530890464783,0.3364405632019043,2.031899929046631
2.988334894180298,1.871527433395386,0.4494464099407196,2.03139591217041
2.767352342605591,1.871535897254944,0.5735419988632202,2.030956268310547
2.550052165985107,1.871565461158752,0.7073748111724854,2.030585050582886
2.302630424499512,1.871623873710632,0.8487507104873657,2.0302894115448
2.072700262069702,1.871716618537903,0.9720672965049744,2.030078887939453
1.865448474884033,1.871846556663513,1.081623792648315,2.029965400695801
1.677900671958923,1.872013449668884,1.174967050552368,2.029963970184326
1.499476552009583,1.872213840484619,1.258285284042358,2.03009033203125
1.363873362541199,1.872441172599792,1.332507848739624,2.030361175537109
1.22492778301239,1.872686266899109,1.376218199729919,2.030794143676758
1.125601291656494,1.87293803691864,1.420766234397888,2.031405925750732
1.032861471176147,1.873183250427246,1.481585264205933,2.032212972640991
0.9365910291671753,1.87340784072876,1.573214650154114,2.033230066299438
0.8483761548995972,1.873596787452698,1.643905639648438,2.034470081329346
0.7841030359268188,1.873735427856445,1.732007026672363,2.035943984985352
0.7013770937919617,1.873808741569519,1.84042751789093,2.037659883499146
0.6554413437843323,1.8738032579422,1.934041023254395,2.039623498916626
0.6076534390449524,1.873705983161926,2.036102771759033,2.0418381690979
0.5817884802818298,1.873505592346191,2.109776258468628,2.044304132461548
0.6054069995880127,1.873192429542542,2.149613380432129,2.047019004821777
0.652887761592865,1.872758269309998,2.147580623626709,2.049978017807007
0.7051130533218384,1.872196912765503,2.143323183059692,2.053173542022705
0.7834133505821228,1.871504187583923,2.126856088638306,2.056596517562866
0.8703129887580872,1.870677351951599,2.082781314849854,2.060235261917114
0.9672291874885559,1.869715690612793,2.028551578521729,2.06407642364502
1.062123537063599,1.868620276451111,1.997780442237854,2.068105936050415
1.148603439331055,1.867393493652344,1.99179482460022,2.072307109832764
1.20765745639801,1.866039276123047,1.978127598762512,2.076663970947266
1.263351321220398,1.86456298828125,1.974664449691772,2.08115816116333
1.318158030509949,1.86297070980072,1.963898897171021,2.085772275924683
1.389364838600159,1.861269950866699,1.901392817497253,2.090487957000732
1.455370187759399,1.859468698501587,1.832393765449524,2.095287084579468
1.51455819606781,1.857575654983521,1.722679257392883,2.100151062011719
1.599372506141663,1.855599999427795,1.589123129844666,2.10506272315979
1.687303781509399,1.853551030158997,1.442133545875549,2.110004663467407
1.773424506187439,1.851438641548157,1.307217836380005,2.114960193634033
1.847290635108948,1.849272489547729,1.208556056022644,2.119913578033447
1.899243950843811,1.847062230110168,1.149256110191345,2.124849557876587
1.919081091880798,1.844817399978638,1.156935930252075,2.129754066467285
1.913087129592896,1.842547178268433,1.183826327323914,2.134613990783691
1.897795796394348,1.840260624885559,1.27322793006897,2.139416694641113
1.856704115867615,1.837966203689575,1.377109050750732,2.144151449203491
1.793319702148438,1.83567214012146,1.488203287124634,2.148807525634766
1.720524549484253,1.833385944366455,1.604359865188599,2.15337610244751
1.653466105461121,1.831115007400513,1.684798836708069,2.157848834991455
1.601064205169678,1.828865647315979,1.764471173286438,2.162218570709229
1.543109893798828,1.8266441822052,1.814659118652344,2.166478872299194
1.491562128067017,1.824456095695496,1.805025458335876,2.170624256134033
1.439992666244507,1.822306394577026,1.783710122108459,2.174650430679321
1.383496522903442,1.820199489593506,1.728594779968262,2.178553581237793
1.307395339012146,1.8181391954422,1.672852754592896,2.182331085205078
1.248885869979858,1.816129207611084,1.598323822021484,2.185980319976807
1.151471972465515,1.814172148704529,1.587978482246399,2.189499855041504
1.027695655822754,1.812270760536194,1.58308219909668,2.192888975143433
0.9093424677848816,1.810426950454712,1.620586633682251,2.196147441864014
0.767994225025177,1.808642268180847,1.722620606422424,2.199275016784668
0.6314530372619629,1.806918144226074,1.840743541717529,2.202272891998291
0.5007991194725037,1.80525529384613,1.950449466705322,2.20514178276062
0.362742692232132,1.803654313087463,2.040878295898438,2.207883358001709
0.2444817423820496,1.802115440368652,2.102915525436401,2.210499048233032
0.1218993440270424,1.800638556480408,2.141974687576294,2.21299147605896
0.009967408142983913,1.79922354221344,2.127271890640259,2.215362548828125
-0.08766523748636246,1.797869801521301,2.115040302276611,2.217615127563477
-0.1878729909658432,1.796576619148254,2.09119987487793,2.219751596450806
-0.3140025436878204,1.795343160629272,2.099080562591553,2.221775054931641
-0.4199511110782623,1.794168472290039,2.083872556686401,2.223688364028931
-0.5324109792709351,1.793051481246948,2.073917627334595,2.225494384765625
-0.6297764182090759,1.791990637779236,2.051620244979858,2.22719669342041
-0.7011410593986511,1.790984869003296,2.002423286437988,2.228798151016235
-0.767894446849823,1.790032625198364,1.948558926582336,2.230302333831787
-0.832187294960022,1.789132595062256,1.903485059738159,2.231711864471436
-0.8600765466690063,1.788283109664917,1.841034173965454,2.233030557632446
-0.883974015712738,1.787482738494873,1.808364510536194,2.234261035919189
-0.8794456720352173,1.78672981262207,1.770787477493286,2.235406875610352
-0.877763569355011,1.786022901535034,1.786580324172974,2.236471176147461
-0.8770852088928223,1.785360217094421,1.756830930709839,2.237456798553467
-0.8503459692001343,1.784740447998047,1.721171140670776,2.238366842269897
-0.8195966482162476,1.784161925315857,1.640667080879211,2.239204168319702
-0.7830462455749512,1.783622980117798,1.535313844680786,2.239971876144409
-0.7514194846153259,1.783122420310974,1.406775236129761,2.240672826766968
-0.6957434415817261,1.782658457756042,1.255189776420593,2.241309642791748
-0.6417115330696106,1.782229900360107,1.108934879302979,2.24188494682312
-0.5783175230026245,1.781834959983826,1.009437680244446,2.242401361465454
-0.5110664963722229,1.781472682952881,0.9667605757713318,2.242861747741699
-0.4604946970939636,1.781141519546509,0.960425078868866,2.243268013000488
-0.3926748633384705,1.780840158462524,0.9982937574386597,2.24362325668335
-0.3467241227626801,1.780567288398743,1.067338943481445,2.243929147720337
-0.3044407367706299,1.780321836471558,1.106152772903442,2.244188547134399
-0.2767386138439178,1.780102491378784,1.169278264045715,2.244403123855591
-0.2454078793525696,1.779908061027527,1.197344779968262,2.244575262069702
-0.2214333862066269,1.77973747253418,1.203390002250671,2.244707107543945
-0.2015174329280853,1.779589772224426,1.190407514572144,2.244800567626953
-0.1914740204811096,1.779463768005371,1.183239102363586,2.244857549667358
-0.2009649127721786,1.779358267784119,1.197206854820251,2.244879961013794
-0.1748725026845932,1.779272675514221,1.212572455406189,2.244869470596313
-0.1586092114448547,1.779205918312073,1.245998024940491,2.244828224182129
-0.1329372674226761,1.779156923294067,1.257990121841431,2.244757652282715
-0.1046433001756668,1.779124855995178,1.302907347679138,2.244659423828125
-0.06055206432938576,1.779108881950378,1.345821142196655,2.244535446166992
-0.006213026121258736,1.779108285903931,1.420188784599304,2.244386911392212
0.05786589905619621,1.779122114181519,1.484475612640381,2.244215488433838
0.1041286438703537,1.779149651527405,1.542104244232178,2.244022607803345
0.1382496058940887,1.779190063476562,1.597345352172852,2.243809700012207
0.188933476805687,1.779242753982544,1.629331469535828,2.243578433990479
0.2403249740600586,1.779306888580322,1.661925435066223,2.243329763412476
0.3223930597305298,1.77938187122345,1.645990014076233,2.243064880371094
0.4020504057407379,1.779466986656189,1.66025984287262,2.242785453796387
0.4771443009376526,1.779561519622803,1.693272113800049,2.242492437362671
0.5823485851287842,1.779664874076843,1.765560269355774,2.242187261581421
0.6858373880386353,1.779776573181152,1.90008008480072,2.241870641708374
0.7934787273406982,1.779895901679993,2.063343286514282,2.241544008255005
0.8755186200141907,1.780022263526917,2.247834205627441,2.241208076477051
0.9875832796096802,1.780155181884766,2.400532245635986,2.240864276885986
1.076500773429871,1.780294179916382,2.547996520996094,2.240513324737549
1.183294296264648,1.780438542366028,2.638795137405396,2.240156173706055
1.296090126037598,1.780588030815125,2.672564506530762,2.23979377746582
1.409035325050354,1.780741810798645,2.676309108734131,2.239426851272583
1.517662286758423,1.7808997631073,2.640003681182861,2.239056587219238
1.619208097457886,1.781061291694641,2.589544534683228,2.238683223724365
1.709811925888062,1.781225919723511,2.509050130844116,2.238307952880859
1.794911980628967,1.78139328956604,2.422132015228271,2.237931251525879
1.860115766525269,1.781562924385071,2.308182954788208,2.23755407333374
1.911680459976196,1.781734466552734,2.216630697250366,2.237176656723022
1.950786590576172,1.781907677650452,2.085410594940186,2.236799955368042
1.962563037872314,1.782082080841064,1.959351539611816,2.236424446105957
1.944139719009399,1.782257318496704,1.873189926147461,2.236050844192505
1.908017635345459,1.782433032989502,1.803442716598511,2.235679149627686
1.866061329841614,1.782609105110168,1.746737122535706,2.235310316085815
1.813648700714111,1.782785058021545,1.727936983108521,2.234944820404053
1.766460061073303,1.782960653305054,1.737236261367798,2.234582901000977
1.72871994972229,1.783135652542114,1.714163303375244,2.234224796295166
1.71299684047699,1.783309817314148,1.714299321174622,2.233871221542358
1.704686641693115,1.783482909202576,1.681769371032715,2.233522176742554
1.706755995750427,1.783654689788818,1.648611903190613,2.233178377151489
1.714601397514343,1.783824920654297,1.615486860275269,2.232839822769165
1.729308485984802,1.783993482589722,1.551736235618591,2.23250675201416
1.715014219284058,1.784160137176514,1.533400297164917,2.232179403305054
1.725025534629822,1.784324765205383,1.522047996520996,2.231858015060425
1.696165919303894,1.784487128257751,1.518367528915405,2.231542825698853
1.690435647964478,1.784647226333618,1.486590027809143,2.231234073638916
1.679731130599976,1.784804821014404,1.480413675308228,2.230931758880615
1.699507117271423,1.78495979309082,1.397156953811646,2.230636119842529
1.728878378868103,1.785112142562866,1.295939207077026,2.230346918106079
1.791584730148315,1.785261631011963,1.184253811836243,2.230064630508423
1.820354580879211,1.78540825843811,1.040010333061218,2.229789257049561
1.877139329910278,1.785552024841309,0.9127728939056396,2.229520797729492
1.912847757339478,1.785692572593689,0.8056907653808594,2.229259014129639
1.946152687072754,1.785830140113831,0.7164788246154785,2.229004383087158
1.955157995223999,1.785964608192444,0.6735399961471558,2.228756666183472
1.981554269790649,1.786095976829529,0.6403349041938782,2.228515863418579
1.962593078613281,1.786224007606506,0.608360767364502,2.228281736373901
1.968723297119141,1.786348938941956,0.5600021481513977,2.228054523468018
1.969521760940552,1.786470651626587,0.5222852230072021,2.227834224700928
1.985467433929443,1.786589860916138,0.4310702681541443,2.227620363235474
2.06477952003479,1.786710262298584,0.3344000577926636,2.227410316467285
2.167783260345459,1.786838889122009,0.1885695457458496,2.227198839187622
2.284366607666016,1.786987066268921,0.03940744698047638,2.226974964141846
2.438031911849976,1.787169814109802,-0.1269238591194153,2.226722240447998
2.577210187911987,1.787404298782349,-0.2853643894195557,2.226417064666748
2.673730373382568,1.787709712982178,-0.4217311143875122,2.226029634475708
2.749258756637573,1.788105368614197,-0.5230051279067993,2.225524425506592
2.765289783477783,1.788610339164734,-0.5808643698692322,2.22486138343811
2.706501007080078,1.789242267608643,-0.6046193242073059,2.223996162414551
2.616864204406738,1.790017008781433,-0.5575652718544006,2.222882986068726
2.503092765808105,1.790947794914246,-0.4848724603652954,2.221475839614868
2.434955358505249,1.792045116424561,-0.3934987187385559,2.21972918510437
2.368790149688721,1.793316721916199,-0.3069083392620087,2.217600107192993
2.298583269119263,1.794774174690247,-0.2087254822254181,2.215047359466553
2.275659322738647,1.796404719352722,-0.1176029667258263,2.212038040161133
2.24590015411377,1.798214077949524,-0.02381958067417145,2.208542585372925
2.264314889907837,1.800198197364807,0.03678449243307114,2.204537868499756
2.267333984375,1.802350878715515,0.08079458773136139,2.200006723403931
2.270921945571899,1.804663419723511,0.1020092070102692,2.194938898086548
2.227956056594849,1.807125806808472,0.08213102072477341,2.189330339431763
2.165952920913696,1.809726119041443,0.04399615153670311,2.183183908462524
2.112386703491211,1.812451362609863,0.002207116922363639,2.176508188247681
2.037689924240112,1.815287947654724,-0.07636634260416031,2.169318199157715
1.938029170036316,1.81822144985199,-0.1233065351843834,2.161633729934692
1.800019383430481,1.821236968040466,-0.1502844095230103,2.15347957611084
1.714528918266296,1.824319839477539,-0.135862335562706,2.144884347915649
1.631042838096619,1.827455163002014,-0.1067298278212547,2.135880947113037
1.573607563972473,1.830628514289856,-0.06178401410579681,2.126504182815552
1.542924523353577,1.833826184272766,-0.02983307465910912,2.11679220199585
1.483902096748352,1.837034344673157,-0.002444704994559288,2.106783866882324
1.473607897758484,1.840240597724915,-0.007065159268677235,2.096519947052002
1.431051850318909,1.843432784080505,-0.01556996908038855,2.086041688919067
1.37961208820343,1.846599817276001,-0.02746041864156723,2.075389623641968
1.324703812599182,1.84973156452179,-0.05398261174559593,2.064605236053467
1.258289217948914,1.852818608283997,-0.04340527206659317,2.053727865219116
1.206369876861572,1.855852484703064,0.01413554418832064,2.042796850204468
1.172000050544739,1.85882568359375,0.08145298063755035,2.031849384307861
1.158043503761292,1.86173152923584,0.1557619869709015,2.020921468734741
1.133947491645813,1.864564180374146,0.222290575504303,2.010046720504761
1.163080215454102,1.867318987846375,0.2845562100410461,1.99925696849823
1.174452781677246,1.869991421699524,0.3205018639564514,1.988581895828247
1.184509873390198,1.872578501701355,0.3388143181800842,1.97804868221283
1.193482875823975,1.875077247619629,0.3405407965183258,1.967682480812073
1.16449761390686,1.877485871315002,0.3562019169330597,1.957505822181702
1.133846402168274,1.879802823066711,0.391801506280899,1.947539091110229
1.088189005851746,1.882027268409729,0.4848785996437073,1.937800288200378
1.018957376480103,1.884159088134766,0.6232439279556274,1.92830502986908
0.9418545961380005,1.886198163032532,0.7609653472900391,1.919067144393921
0.8958889245986938,1.888145208358765,0.9060391187667847,1.91009795665741
0.8734055757522583,1.890001058578491,1.065811157226562,1.90140688419342
0.9232910871505737,1.891766905784607,1.204722285270691,1.893001675605774
1.010578989982605,1.893444299697876,1.330796241760254,1.884888052940369
1.1124666929245,1.895034909248352,1.427087783813477,1.877070307731628
1.266314744949341,1.896540880203247,1.504669785499573,1.869551062583923
1.401620984077454,1.897964119911194,1.602554678916931,1.862331390380859
1.504818916320801,1.899306893348694,1.7171231508255,1.855411529541016
1.604699492454529,1.900571584701538,1.831373691558838,1.848790049552917
1.657862186431885,1.901760697364807,1.926263213157654,1.842464685440063
1.670178413391113,1.902876496315002,2.023929595947266,1.836432456970215
1.675109386444092,1.903921723365784,2.11539626121521,1.830689072608948
1.663950204849243,1.904898762702942,2.20872950553894,1.82522988319397
1.633679866790771,1.905810236930847,2.279553174972534,1.820049643516541
1.618990659713745,1.906658530235291,2.320256233215332,1.815142273902893
1.540126442909241,1.907446265220642,2.382419586181641,1.810501575469971
1.465314269065857,1.908175706863403,2.421278238296509,1.806120634078979
1.372360944747925,1.908849477767944,2.469742774963379,1.801992535591125
1.246051549911499,1.909469842910767,2.54780125617981,1.798110127449036
1.154627442359924,1.910038948059082,2.627650737762451,1.794465780258179
1.05586850643158,1.910559296607971,2.704971790313721,1.791052103042603
0.9455605745315552,1.911032795906067,2.791388750076294,1.787861347198486
0.8699972629547119,1.911461710929871,2.871407747268677,1.784886002540588
0.778590977191925,1.911847949028015,2.930665969848633,1.782118439674377
0.70966637134552,1.912193655967712,2.964065551757812,1.779551029205322
0.6188279986381531,1.912500381469727,2.979792594909668,1.777176380157471
0.5297003984451294,1.91277027130127,2.971423387527466,1.774986863136292
0.4036635458469391,1.913004875183105,2.953325510025024,1.772975444793701
0.290512889623642,1.913206100463867,2.92379903793335,1.771134853363037
0.1793805509805679,1.913375973701477,2.915706396102905,1.769458055496216
0.06671269237995148,1.913519024848938,2.910842895507812,1.767938733100891
-0.02438155375421047,1.913641929626465,2.877496719360352,1.766571998596191
-0.1308450102806091,1.913753151893616,2.852567195892334,1.765356779098511
-0.1671921461820602,1.913861870765686,2.808958053588867,1.764296889305115
-0.1947794556617737,1.913976073265076,2.741967678070068,1.763402581214905
-0.1900157481431961,1.914102077484131,2.666732788085938,1.762690544128418
-0.1571122854948044,1.914243221282959,2.560897827148438,1.762184262275696
-0.1375120282173157,1.91439962387085,2.453863859176636,1.761913299560547
-0.08168825507164001,1.914567589759827,2.344745874404907,1.761912107467651
-0.05003691837191582,1.914740443229675,2.248204231262207,1.762219071388245
-0.03772603720426559,1.914907693862915,2.190456867218018,1.762874841690063
-0.0330372154712677,1.915056586265564,2.142195224761963,1.763920545578003
-0.01716382801532745,1.915171980857849,2.120265245437622,1.765396952629089
-0.003907366655766964,1.915243864059448,2.134311199188232,1.767342209815979
0.04488321393728256,1.91524064540863,2.153997182846069,1.769793391227722
0.1143845096230507,1.915152430534363,2.177634239196777,1.77277946472168
0.1758620887994766,1.914961814880371,2.220133781433105,1.776325941085815
0.3001988530158997,1.914652466773987,2.24592137336731,1.780452370643616
0.4155386984348297,1.914209246635437,2.2496497631073,1.785172343254089
0.5500882863998413,1.913618803024292,2.236448049545288,1.79049277305603
0.6851113438606262,1.912869691848755,2.218692302703857,1.796414136886597
0.8097839951515198,1.91195285320282,2.190197467803955,1.802930593490601
0.9858090877532959,1.910861134529114,2.168512582778931,1.810029983520508
1.162560224533081,1.909590244293213,2.131433248519897,1.817694783210754
1.338616728782654,1.908137679100037,2.128013849258423,1.825902104377747
1.500214219093323,1.906503558158875,2.139893770217896,1.834624171257019
1.673159122467041,1.904690265655518,2.158474922180176,1.843829393386841
1.809498071670532,1.902701735496521,2.208184719085693,1.853482484817505
1.979491472244263,1.900544166564941,2.228592395782471,1.863545298576355
2.111237764358521,1.89822518825531,2.240588188171387,1.873977661132812
2.218728303909302,1.895753860473633,2.238526582717896,1.884737610816956
2.341886043548584,1.89314067363739,2.240368366241455,1.895781874656677
2.454690456390381,1.890396595001221,2.235632181167603,1.907067060470581
2.563966989517212,1.887534022331238,2.229750156402588,1.918549537658691
2.705349922180176,1.884565591812134,2.231209993362427,1.930186033248901
2.78347373008728,1.88150417804718,2.26195502281189,1.94193434715271
2.875090360641479,1.878363251686096,2.322509288787842,1.953753232955933
2.947080612182617,1.875156044960022,2.377767324447632,1.965603113174438
2.998832225799561,1.871895909309387,2.453805923461914,1.977445960044861
3.03472638130188,1.868595719337463,2.514614105224609,1.989245891571045
3.077208995819092,1.865267992019653,2.563979625701904,2.000969171524048
3.047420740127563,1.86192512512207,2.627697467803955,2.012584447860718
3.045764684677124,1.858578562736511,2.669310569763184,2.024062156677246
3.024116277694702,1.855239510536194,2.708247423171997,2.035375595092773
3.002379894256592,1.85191810131073,2.721208810806274,2.046500682830811
2.966401100158691,1.848624229431152,2.760594844818115,2.057415246963501
2.947979211807251,1.845366835594177,2.782729625701904,2.068099975585938
2.87339973449707,1.842154026031494,2.806610584259033,2.078537464141846
2.829105138778687,1.838993191719055,2.804847002029419,2.088712930679321
2.747785568237305,1.835891246795654,2.813506841659546,2.098613262176514
2.647993803024292,1.832854032516479,2.831372499465942,2.108228206634521
2.588168859481812,1.829886794090271,2.824329137802124,2.117548704147339
2.528396844863892,1.826994180679321,2.826292753219604,2.126568078994751
2.435384035110474,1.824180006980896,2.831218719482422,2.135280847549438
2.385250806808472,1.821447610855103,2.78655743598938,2.143683910369873
2.317156553268433,1.818799614906311,2.733391523361206,2.151774883270264
2.242483377456665,1.816238045692444,2.635761499404907,2.159553050994873
2.162753343582153,1.813764452934265,2.546800374984741,2.167018890380859
2.060518741607666,1.81138014793396,2.402861595153809,2.174174308776855
1.916581630706787,1.809085488319397,2.27368950843811,2.181021690368652
1.781310081481934,1.806880831718445,2.130110502243042,2.187564611434937
1.63597297668457,1.804765939712524,1.998838543891907,2.193807363510132
1.541329622268677,1.802740454673767,1.845250725746155,2.199755191802979
1.465524911880493,1.800803542137146,1.686056613922119,2.205413341522217
1.384536623954773,1.798953890800476,1.512086153030396,2.210788011550903
1.345745921134949,1.797190546989441,1.317734956741333,2.215885639190674
1.313657760620117,1.795511841773987,1.138177156448364,2.220713138580322
1.296699166297913,1.79391610622406,0.990514874458313,2.225277900695801
1.274193286895752,1.792401552200317,0.8582459092140198,2.229586839675903
1.247642278671265,1.790966272354126,0.769889771938324,2.233647584915161
1.202301979064941,1.789608240127563,0.7097302079200745,2.237467765808105
1.182478785514832,1.788325190544128,0.7136080265045166,2.241055011749268
1.169753313064575,1.787115097045898,0.7338205575942993,2.244417190551758
1.185725212097168,1.785975575447083,0.7642183899879456,2.247561693191528
1.228275299072266,1.784904599189758,0.7813929915428162,2.250496387481689
1.26459801197052,1.783899784088135,0.7802962064743042,2.253228425979614
1.346618413925171,1.78295886516571,0.7571961283683777,2.255765914916992
1.411912798881531,1.782079696655273,0.7178457379341125,2.258115530014038
1.474845290184021,1.781259894371033,0.6337552666664124,2.260284900665283
1.531781196594238,1.780497312545776,0.5100765228271484,2.262280941009521
1.563666820526123,1.779789805412292,0.4080502092838287,2.264110803604126
1.586047887802124,1.779135346412659,0.3231207430362701,2.265780687332153
1.602558374404907,1.778531670570374,0.2670931816101074,2.267297744750977
1.603188395500183,1.777976751327515,0.2651345133781433,2.268668174743652
1.579291462898254,1.77746856212616,0.3055683374404907,2.269898176193237
1.577072024345398,1.777005434036255,0.3884046375751495,2.270993947982788
1.551898598670959,1.776585102081299,0.4801240861415863,2.271961212158203
1.522085666656494,1.776206016540527,0.5754895806312561,2.27280592918396
1.500035285949707,1.775866270065308,0.6644653677940369,2.273533582687378
1.477050423622131,1.775564193725586,0.718231201171875,2.274149656295776
1.481016039848328,1.775297880172729,0.7417988777160645,2.274659156799316
1.512908935546875,1.775066018104553,0.7566561698913574,2.275067329406738
1.540570974349976,1.774866938591003,0.7816568613052368,2.275379180908203
1.572973012924194,1.774698972702026,0.7792859673500061,2.275599479675293
1.608350396156311,1.774560809135437,0.8235448598861694,2.275732755661011
1.63285493850708,1.774450898170471,0.8864116668701172,2.275783538818359
1.652780771255493,1.774368047714233,0.9788532853126526,2.275756120681763
1.678915619850159,1.774310708045959,1.095893263816833,2.275654792785645
1.679756999015808,1.774277687072754,1.247784376144409,2.275483846664429
1.710436224937439,1.774267673492432,1.399487733840942,2.275246858596802
1.754047989845276,1.774279475212097,1.544854283332825,2.274948120117188
1.813330411911011,1.774311900138855,1.646043539047241,2.274591207504272
1.876117467880249,1.774363875389099,1.724892020225525,2.274179458618164
1.936784982681274,1.774434328079224,1.772140264511108,2.273716926574707
1.996111989021301,1.774521946907043,1.814647078514099,2.273206472396851
2.051464319229126,1.774626016616821,1.849092960357666,2.272651672363281
2.092553853988647,1.774745225906372,1.908514380455017,2.272055864334106
2.138675928115845,1.774878859519958,1.997001051902771,2.271421670913696
2.179596662521362,1.775025844573975,2.098829507827759,2.270752429962158
2.213642358779907,1.775185346603394,2.227709770202637,2.270051002502441
2.240293741226196,1.775356292724609,2.335124731063843,2.269320249557495
2.263378143310547,1.775537967681885,2.413215637207031,2.26856255531311
2.273075103759766,1.775729537010193,2.476464748382568,2.267780780792236
2.279650211334229,1.775930166244507,2.504639625549316,2.266977310180664
2.285348653793335,1.776139140129089,2.53508472442627,2.266154766082764
2.290164947509766,1.776355743408203,2.551997184753418,2.265315055847168
2.285860776901245,1.776579022407532,2.569528102874756,2.264460802078247
2.283396482467651,1.776808500289917,2.561328411102295,2.263594150543213
2.278451681137085,1.777043461799622,2.56234335899353,2.262716770172119
2.265500545501709,1.777283191680908,2.575314521789551,2.261831045150757
2.252338409423828,1.777527213096619,2.568307638168335,2.26093864440918
2.220917463302612,1.777774691581726,2.590625524520874,2.260041236877441
2.180016756057739,1.778025269508362,2.605218172073364,2.259140968322754
2.159453868865967,1.778278231620789,2.665399789810181,2.258239030838013
2.133380651473999,1.778533101081848,2.710775375366211,2.257337093353271
2.113391876220703,1.778789401054382,2.766803026199341,2.256436586380005
2.112195253372192,1.779046654701233,2.778952836990356,2.255539178848267
2.115313529968262,1.779304385185242,2.7816481590271,2.254645824432373
2.130280256271362,1.77956223487854,2.716837644577026,2.253757953643799
2.140388011932373,1.77981960773468,2.603275775909424,2.252876758575439
2.118595838546753,1.780076265335083,2.490462303161621,2.252002954483032
2.095502614974976,1.78033173084259,2.355454444885254,2.251137971878052
2.060213804244995,1.780585646629333,2.219986200332642,2.250282526016235
2.037919759750366,1.780837893486023,2.074681043624878,2.249437808990479
2.040300846099854,1.7810879945755,1.929669499397278,2.24860405921936
2.033380508422852,1.781335592269897,1.799511432647705,2.247782468795776
2.052405834197998,1.781580567359924,1.651654362678528,2.246973514556885
2.092082500457764,1.781822562217712,1.512789249420166,2.246177673339844
2.147917747497559,1.782061338424683,1.341382622718811,2.24539589881897
2.200340986251831,1.782296895980835,1.214420080184937,2.244628429412842
2.267974853515625,1.782528758049011,1.085857748985291,2.243875741958618
2.315161466598511,1.782756924629211,1.044416546821594,2.243138074874878
2.399229288101196,1.782981276512146,1.023335695266724,2.242415904998779
2.460411548614502,1.783201456069946,1.031091094017029,2.24170970916748
2.543578147888184,1.783417463302612,1.018606424331665,2.241019248962402
2.610245704650879,1.783629179000854,1.024215579032898,2.240345239639282
2.675734996795654,1.783836483955383,1.014006733894348,2.239687442779541
2.735943078994751,1.784039378166199,0.958984375,2.239046096801758
2.823776960372925,1.784237742424011,0.8630380630493164,2.238421201705933
2.867445945739746,1.784431338310242,0.7422119379043579,2.237812995910645
2.939579963684082,1.784620404243469,0.6046556830406189,2.237221479415894
2.997478485107422,1.784804821014404,0.4814205467700958,2.236646175384521
3.05197548866272,1.784984469413757,0.3568429350852966,2.236087560653687
3.134969234466553,1.785159468650818,0.2441433221101761,2.23554539680481
3.220607757568359,1.785329699516296,0.1409157514572144,2.235019207000732
3.267993927001953,1.785495162010193,0.07944411039352417,2.234509229660034
3.3254554271698,1.785655975341797,0.05093548819422722,2.234015226364136
3.33667516708374,1.785812139511108,0.07986617088317871,2.233537197113037
3.361456871032715,1.785963535308838,0.1046591624617577,2.233074426651001
3.362311840057373,1.786110401153564,0.1520080715417862,2.232627153396606
3.373586177825928,1.786252737045288,0.1689089089632034,2.232194900512695
3.366577386856079,1.786390542984009,0.1795239895582199,2.231777429580688
3.376208782196045,1.786523938179016,0.1451094746589661,2.231374502182007
3.42136812210083,1.78665292263031,0.07315092533826828,2.230985879898071
3.456744432449341,1.786777496337891,-0.01637226715683937,2.230611324310303
3.49704909324646,1.786897897720337,-0.1182461529970169,2.230250597000122
3.504804372787476,1.787014007568359,-0.2147675454616547,2.229903221130371
3.506987571716309,1.787126183509827,-0.3084957003593445,2.229568719863892
3.526543140411377,1.78723418712616,-0.3809199035167694,2.229247093200684
3.527078628540039,1.787345886230469,-0.4870717823505402,2.228934049606323
3.517547130584717,1.787446737289429,-0.5768088698387146,2.228633642196655
3.470136165618896,1.787543773651123,-0.6615611910820007,2.228345155715942
3.422742366790771,1.787636995315552,-0.7589458823204041,2.228068351745605
3.365348815917969,1.787726759910583,-0.8372424244880676,2.227802991867065
3.281167030334473,1.787812829017639,-0.9001296162605286,2.227548360824585
3.169831275939941,1.787895560264587,-0.9382128715515137,2.227304697036743
3.028365135192871,1.787975072860718,-0.9877811074256897,2.227071285247803
2.903205394744873,1.788051247596741,-1.019903302192688,2.226847887039185
2.769988059997559,1.788124203681946,-1.034100770950317,2.22663426399231
2.681464433670044,1.788194298744202,-1.062837600708008,2.22642993927002
2.597476959228516,1.788261294364929,-1.069601058959961,2.226234674453735
2.50528621673584,1.788325428962708,-1.090679049491882,2.226048231124878
2.444503545761108,1.788386821746826,-1.072941303253174,2.225870132446289
2.388256311416626,1.788445591926575,-1.063981771469116,2.225699901580811
2.331628561019897,1.788501739501953,-1.059285640716553,2.225537776947021
2.288820266723633,1.788555502891541,-1.054837942123413,2.225383043289185
2.196924209594727,1.788606643676758,-1.039095044136047,2.2252357006073
2.116816520690918,1.788655638694763,-1.039100646972656,2.225095272064209
2.040182828903198,1.788702368736267,-1.029533863067627,2.224961280822754
1.960878729820251,1.78874683380127,-1.014083385467529,2.224833965301514
1.892090439796448,1.78878927230835,-1.003759384155273,2.22471284866333
1.853924036026001,1.788829803466797,-0.9840676188468933,2.224597454071045
1.778991341590881,1.788868308067322,-0.9160142540931702,2.224487781524658
1.742088913917542,1.788905024528503,-0.8569038510322571,2.224383592605591
1.715249300003052,1.788939952850342,-0.7738062143325806,2.224284648895264
1.695703268051147,1.788973093032837,-0.6955979466438293,2.224190711975098
1.71120548248291,1.789004802703857,-0.6001914739608765,2.224101543426514
1.7335125207901,1.789034843444824,-0.5134981274604797,2.224016666412354
1.753915905952454,1.789063334465027,-0.4472712278366089,2.223936557769775
1.81011426448822,1.789090514183044,-0.4215412139892578,2.223860263824463
1.843241214752197,1.789116263389587,-0.3836862444877625,2.223788022994995
1.850791692733765,1.789140701293945,-0.3415952324867249,2.223719596862793
1.856358289718628,1.789163827896118,-0.2740408778190613,2.223654747009277
1.815904498100281,1.789185881614685,-0.1803007423877716,2.223593473434448
1.738454461097717,1.789206624031067,-0.07448416203260422,2.223535299301147
1.675788164138794,1.789226412773132,0.04710186272859573,2.223480463027954
1.603127121925354,1.789245128631592,0.1769263446331024,2.22342848777771
1.582517147064209,1.789262890815735,0.2773206233978271,2.223379373550415
1.583565473556519,1.789279580116272,0.3211847245693207,2.22333288192749
1.59780478477478,1.789295434951782,0.3145159482955933,2.223289012908936
1.641079902648926,1.789310574531555,0.2824136912822723,2.223247528076172
1.675742864608765,1.789324760437012,0.244785875082016,2.223208427429199
1.732644557952881,1.789338111877441,0.2091881781816483,2.223171472549438
1.762849688529968,1.789350867271423,0.1793945282697678,2.22313666343689
1.782809853553772,1.789362788200378,0.1726729869842529,2.223103761672974
1.780432939529419,1.789374113082886,0.1699268966913223,2.22307276725769
1.779690742492676,1.789384841918945,0.1743779182434082,2.223043441772461
1.796244978904724,1.789394855499268,0.1887145787477493,2.223015785217285
1.79606568813324,1.789404392242432,0.1664324998855591,2.222990036010742
1.800999760627747,1.789413332939148,0.1183759495615959,2.222965478897095
1.764427065849304,1.789421796798706,0.08780655264854431,2.222942352294922
1.729934930801392,1.789429783821106,0.04374536871910095,2.222920894622803
1.691903591156006,1.789437294006348,0.01556596718728542,2.222900390625
1.638896703720093,1.789444327354431,-0.0339258648455143,2.222881317138672
1.581748127937317,1.789451003074646,-0.08835365623235703,2.22286319732666
1.508879780769348,1.789457201957703,-0.1490116268396378,2.222846269607544
1.457175016403198,1.78946316242218,-0.2021020501852036,2.222830295562744
1.440249800682068,1.7894686460495,-0.2465701997280121,2.222815275192261
1.435987830162048,1.78947389125824,-0.2881762385368347,2.222801208496094
1.457544922828674,1.789478778839111,-0.3018670380115509,2.222788095474243
1.473695516586304,1.789483428001404,-0.2900456190109253,2.22277569770813
1.52567994594574,1.789487719535828,-0.2515205144882202,2.222764015197754
1.603706240653992,1.789491891860962,-0.2043754011392593,2.222753047943115
1.677937269210815,1.789495706558228,-0.1887436658143997,2.222743034362793
1.753731489181519,1.789499282836914,-0.1667395830154419,2.22273325920105
1.806368589401245,1.789502620697021,-0.2026958763599396,2.222724437713623
1.842881917953491,1.789505839347839,-0.2195436805486679,2.222715854644775
1.853666067123413,1.789508700370789,-0.2504467666149139,2.222707986831665
1.856286525726318,1.789511561393738,-0.279049277305603,2.222700595855713
1.832272171974182,1.789514064788818,-0.2854869365692139,2.222693681716919
1.789160490036011,1.789516568183899,-0.2589550912380219,2.222687244415283
1.781080365180969,1.7895188331604,-0.2180340588092804,2.222681045532227
1.803979873657227,1.789520978927612,-0.1921207457780838,2.222675323486328
1.874802827835083,1.789523005485535,-0.139062836766243,2.222670078277588
1.953078627586365,1.789524912834167,-0.09316490590572357,2.222665071487427
2.025814056396484,1.789526581764221,-0.03855237364768982,2.222660541534424
2.100194454193115,1.789528250694275,0.05011138319969177,2.222656011581421
2.127076148986816,1.789536356925964,0.1547863036394119,2.222651958465576
2.149284362792969,1.789536356925964,0.2867964208126068,2.222651958465576
2.12041449546814,1.789536356925964,0.4156432151794434,2.222651958465576
2.065825462341309,1.789536356925964,0.5403258800506592,2.222651958465576
1.983613133430481,1.789536356925964,0.6422175765037537,2.222651958465576
1.916228413581848,1.789536356925964,0.6904374361038208,2.222651958465576
1.862709760665894,1.789536356925964,0.7301903963088989,2.222651958465576
1.796235918998718,1.789536356925964,0.749437153339386,2.222651958465576
1.731328368186951,1.789536356925964,0.769133985042572,2.222651958465576
1.64167582988739,1.789536356925964,0.7773320078849792,2.222651958465576
1.553692817687988,1.789536356925964,0.8044516444206238,2.222651958465576
1.480158448219299,1.789536356925964,0.8247217535972595,2.222651958465576
1.38909375667572,1.789536356925964,0.8265097737312317,2.222651958465576
1.302306413650513,1.789536356925964,0.8269385099411011,2.222651958465576
1.190181970596313,1.789536356925964,0.8308221697807312,2.222651958465576
1.108043789863586,1.789536356925964,0.835175096988678,2.222651958465576
1.044754862785339,1.789536356925964,0.8591379523277283,2.222651958465576
0.9581679701805115,1.789536356925964,0.9317347407341003,2.222651958465576
0.8733182549476624,1.789536356925964,1.028183341026306,2.222651958465576
0.7689734697341919,1.789536356925964,1.12182891368866,2.222651958465576
0.6752579808235168,1.789536356925964,1.225999474525452,2.222651958465576
0.559360682964325,1.789536356925964,1.311447143554688,2.222651958465576
0.452121913433075,1.789536356925964,1.369045615196228,2.222651958465576
0.3377216458320618,1.789536356925964,1.413207292556763,2.222651958465576
0.2064182907342911,1.789536356925964,1.451066017150879,2.222651958465576
0.1029447987675667,1.789536356925964,1.514222621917725,2.222651958465576
0.01217785570770502,1.789536356925964,1.59152626991272,2.222651958465576
-0.03279515728354454,1.789536356925964,1.68708860874176,2.222651958465576
-0.06217322498559952,1.789536356925964,1.786960124969482,2.222651958465576
-0.09983925521373749,1.789536356925964,1.902000665664673,2.222651958465576
-0.09413222223520279,1.789536356925964,1.980423927307129,2.222651958465576
-0.1117935329675674,1.789536356925964,2.072779655456543,2.222651958465576
-0.1384344398975372,1.789536356925964,2.144276857376099,2.222651958465576
-0.1661632210016251,1.789536356925964,2.192062616348267,2.222651958465576
-0.2066081911325455,1.789536356925964,2.244017839431763,2.222651958465576
-0.2588329315185547,1.789536356925964,2.28740668296814,2.222651958465576
-0.3033304512500763,1.789536356925964,2.328967571258545,2.222651958465576
-0.3441057503223419,1.789536356925964,2.365036487579346,2.222651958465576
-0.3449076116085052,1.789536356925964,2.361974716186523,2.222651958465576
-0.3336813747882843,1.789536356925964,2.349705219268799,2.222651958465576
-0.3342659473419189,1.789536356925964,2.342423915863037,2.222651958465576
-0.3230105340480804,1.789536356925964,2.3350510597229,2.222651958465576
-0.2982276380062103,1.789536356925964,2.336507320404053,2.222651958465576
-0.278733879327774,1.789536356925964,2.358201265335083,2.222651958465576
-0.2377547919750214,1.789536356925964,2.371261835098267,2.222651958465576
-0.201734334230423,1.789536356925964,2.405422210693359,2.222651958465576
-0.1772258728742599,1.789536356925964,2.425822973251343,2.222651958465576
-0.1279052644968033,1.789536356925964,2.426755666732788,2.222651958465576
-0.100742980837822,1.789536356925964,2.436627864837646,2.222651958465576
-0.06417353451251984,1.789536356925964,2.428892135620117,2.222651958465576
-0.03822002187371254,1.789536356925964,2.408393383026123,2.222651958465576
-0.009072433225810528,1.789536356925964,2.41527795791626,2.222651958465576
0.02309050410985947,1.789536356925964,2.430245161056519,2.222651958465576
0.08482217788696289,1.789536356925964,2.426661491394043,2.222651958465576
0.1594821512699127,1.789536356925964,2.423991918563843,2.222651958465576
0.2262716889381409,1.789536356925964,2.394922256469727,2.222651958465576
0.3221566081047058,1.789536356925964,2.351829528808594,2.222651958465576
0.3887597620487213,1.789536356925964,2.308794021606445,2.222651958465576
0.4442002475261688,1.789536356925964,2.262316226959229,2.222651958465576
0.4671033322811127,1.789536356925964,2.264169931411743,2.222651958465576
0.4775297045707703,1.789536356925964,2.277722835540771,2.222651958465576
0.4861332178115845,1.789536356925964,2.31671667098999,2.222651958465576
0.4721754491329193,1.789536356925964,2.420958995819092,2.222651958465576
0.4678353667259216,1.789536356925964,2.536898851394653,2.222651958465576
0.4323732554912567,1.789536356925964,2.66549277305603,2.222651958465576
0.4312280416488647,1.789537191390991,2.75715970993042,2.222651720046997
0.4094288349151611,1.789541959762573,2.839645147323608,2.222650289535522
0.3803681433200836,1.789557576179504,2.873344421386719,2.22264552116394
0.3433826267719269,1.789594411849976,2.889443397521973,2.222632646560669
0.2766448259353638,1.789665579795837,2.899699449539185,2.222604513168335
0.2245204448699951,1.789786338806152,2.894868612289429,2.222551345825195
0.1641127020120621,1.789973139762878,2.901723384857178,2.222460746765137
0.1033924743533134,1.790241837501526,2.93752384185791,2.222317457199097
0.02857133187353611,1.790608048439026,2.99107551574707,2.222105026245117
-0.02571090869605541,1.791085124015808,3.052045583724976,2.22180438041687
-0.05485996976494789,1.791684746742249,3.083834171295166,2.221397161483765
-0.05280861258506775,1.792415857315063,3.114561796188354,2.220863342285156
-0.03140311315655708,1.793284773826599,3.116827487945557,2.220184326171875
0.02112668938934803,1.794294953346252,3.117122173309326,2.219342470169067
0.0817948579788208,1.795447111129761,3.115435361862183,2.218321084976196
0.1589395701885223,1.79673969745636,3.117711067199707,2.217105865478516
0.2297418117523193,1.798168540000916,3.116942405700684,2.215684652328491
0.2926369607448578,1.799727320671082,3.091371536254883,2.214047908782959
0.3333452641963959,1.801408052444458,3.036218166351318,2.212188482284546
0.3419761061668396,1.80320131778717,2.94762396812439,2.210102796554565
0.3579122424125671,1.805096507072449,2.823818922042847,2.207788944244385
0.3503605425357819,1.807081818580627,2.70813250541687,2.205248355865479
0.3529472947120667,1.809145212173462,2.590531349182129,2.202485084533691
0.3548871278762817,1.811274170875549,2.50305700302124,2.19950532913208
0.3534888923168182,1.813455939292908,2.465117216110229,2.196317434310913
0.36536505818367,1.815678238868713,2.473388195037842,2.19293212890625
0.3724507391452789,1.817928552627563,2.543759107589722,2.189361333847046
0.3901070654392242,1.820195317268372,2.611199140548706,2.185619115829468
0.3944913446903229,1.822467088699341,2.690532445907593,2.18172025680542
0.4152141213417053,1.82473349571228,2.732311010360718,2.177680492401123
0.4380177557468414,1.826984643936157,2.751090526580811,2.173516511917114
0.4618797302246094,1.829211473464966,2.727144718170166,2.169245004653931
0.5094832181930542,1.831405639648438,2.65484356880188,2.164883613586426
0.5148059129714966,1.833559989929199,2.555411815643311,2.160449266433716
0.5327405333518982,1.835667848587036,2.435139894485474,2.155959129333496
0.5304252505302429,1.837723612785339,2.312881946563721,2.151430130004883
0.5052545070648193,1.839722275733948,2.209303617477417,2.146878242492676
0.5064062476158142,1.841659903526306,2.09417200088501,2.142319440841675
0.4794589281082153,1.843532919883728,2.02564811706543,2.137768268585205
0.434294581413269,1.845338702201843,1.962727427482605,2.133239507675171
0.3935723900794983,1.847075343132019,1.915565371513367,2.128745794296265
0.3315411508083344,1.848741292953491,1.857525229454041,2.124300003051758
0.274921178817749,1.850335597991943,1.807569265365601,2.119913339614868
0.2027998119592667,1.851858019828796,1.750485301017761,2.115596055984497
0.1204178482294083,1.85330855846405,1.692571997642517,2.111357927322388
-2.162595592380967e-05,1.854687690734863,1.664036273956299,2.107207298278809
-0.09980458766222,1.855996131896973,1.612953543663025,2.103151798248291
-0.1827800720930099,1.857235074043274,1.582573175430298,2.099197626113892
-0.2619207501411438,1.858405947685242,1.558493852615356,2.095350980758667
-0.3270880877971649,1.859510064125061,1.536093354225159,2.091616153717041
-0.4022256731987,1.860549449920654,1.526544332504272,2.087997436523438
-0.455277681350708,1.861525774002075,1.504231810569763,2.084497690200806
-0.4889185130596161,1.862441301345825,1.479727506637573,2.081119537353516
-0.5235715508460999,1.863298058509827,1.455349802970886,2.0778648853302
-0.5611621141433716,1.864098072052002,1.430806040763855,2.074734449386597
-0.6125606298446655,1.864843726158142,1.393334627151489,2.071729183197021
-0.6530770063400269,1.865537047386169,1.361299633979797,2.068848609924316
-0.6498561501502991,1.866180419921875,1.321820616722107,2.066092491149902
-0.6437622308731079,1.866775989532471,1.287465810775757,2.063459873199463
-0.6325334906578064,1.867325782775879,1.294952630996704,2.060949325561523
-0.6299195885658264,1.867832183837891,1.329908967018127,2.058558940887451
-0.6195090413093567,1.868296980857849,1.409608483314514,2.056287288665771
-0.5726866722106934,1.868722438812256,1.501134037971497,2.054131746292114
-0.5379083752632141,1.869110345840454,1.593926429748535,2.052089929580688
-0.4895326495170593,1.869462609291077,1.674648404121399,2.050159215927124
-0.4488856494426727,1.869781017303467,1.746203303337097,2.048336744308472
-0.3837099671363831,1.870067358016968,1.794374704360962,2.046619653701782
-0.3182533085346222,1.870323300361633,1.831212878227234,2.045004844665527
-0.2130302637815475,1.870550513267517,1.837043523788452,2.043489217758179
-0.1211899444460869,1.870750308036804,1.84212327003479,2.042069911956787
-0.04473160579800606,1.870924234390259,1.840025544166565,2.040743112564087
0.06469560414552689,1.871073722839355,1.830002069473267,2.039506435394287
0.1794107705354691,1.87119996547699,1.820505499839783,2.038356065750122
0.2986231446266174,1.871304392814636,1.780523061752319,2.037289142608643
0.4538152515888214,1.871387958526611,1.723219037055969,2.036302328109741
0.5730435252189636,1.8714519739151,1.667071580886841,2.035392999649048
0.7230293154716492,1.871497273445129,1.605826020240784,2.034557580947876
0.8731492757797241,1.871525168418884,1.541772484779358,2.033793449401855
1.014643907546997,1.871537208557129,1.503291964530945,2.033097505569458
1.151998996734619,1.87153697013855,1.460486888885498,2.032466888427734
1.316262602806091,1.871530890464783,1.434976100921631,2.031899929046631
1.427329897880554,1.871527433395386,1.44246518611908,2.03139591217041
1.56601893901825,1.871535897254944,1.447168111801147,2.030956268310547
1.674735307693481,1.871565461158752,1.503732323646545,2.030585050582886
1.773516416549683,1.871623873710632,1.551326513290405,2.0302894115448
1.85356330871582,1.871716618537903,1.607334017753601,2.030078887939453
1.946976661682129,1.871846556663513,1.675252914428711,2.029965400695801
1.997863173484802,1.872013449668884,1.708221197128296,2.029963970184326
2.066431760787964,1.872213840484619,1.711925268173218,2.03009033203125
2.122931003570557,1.872441172599792,1.696233510971069,2.030361175537109
2.175792694091797,1.872686266899109,1.673511862754822,2.030794143676758
2.220599412918091,1.87293803691864,1.634445548057556,2.031405925750732
2.282383680343628,1.873183250427246,1.602984666824341,2.032212972640991
2.282137393951416,1.87340784072876,1.594391107559204,2.033230066299438
2.289993047714233,1.873596787452698,1.615056157112122,2.034470081329346
2.266860246658325,1.873735427856445,1.659527778625488,2.035943984985352
2.230627536773682,1.873808741569519,1.699154734611511,2.037659883499146
2.175877809524536,1.8738032579422,1.739986419677734,2.039623498916626
2.134618520736694,1.873705983161926,1.747459173202515,2.0418381690979
2.047797203063965,1.873505592346191,1.715823888778687,2.044304132461548
1.981136798858643,1.873192429542542,1.654034018516541,2.047019004821777
1.912467122077942,1.872758269309998,1.567621111869812,2.049978017807007
1.85259222984314,1.872196912765503,1.458560347557068,2.053173542022705
1.812975168228149,1.871504187583923,1.326732754707336,2.056596517562866
1.776451468467712,1.870677351951599,1.23059093952179,2.060235261917114
1.702633261680603,1.869715690612793,1.153677582740784,2.06407642364502
1.644891738891602,1.868620276451111,1.093343019485474,2.068105936050415
1.568137764930725,1.867393493652344,1.037437796592712,2.072307109832764
1.467570900917053,1.866039276123047,0.9995278716087341,2.076663970947266
1.390295624732971,1.86456298828125,0.9589846134185791,2.08115816116333
1.30948007106781,1.86297070980072,0.8886373043060303,2.085772275924683
1.244848370552063,1.861269950866699,0.7862655520439148,2.090487957000732
1.23586106300354,1.859468698501587,0.6653366684913635,2.095287084579468
1.248569846153259,1.857575654983521,0.5419047474861145,2.100151062011719
1.333266139030457,1.855599999427795,0.3675248622894287,2.10506272315979
1.436862111091614,1.853551030158997,0.2177436053752899,2.110004663467407
1.550282120704651,1.851438641548157,0.08338338881731033,2.114960193634033
1.657011032104492,1.849272489547729,-0.005889983847737312,2.119913578033447
1.752454042434692,1.847062230110168,-0.0535869263112545,2.124849557876587
1.850081205368042,1.844817399978638,-0.08073385804891586,2.129754066467285
1.926806330680847,1.842547178268433,-0.07878048717975616,2.134613990783691
2.005649328231812,1.840260624885559,-0.1096364632248878,2.139416694641113
2.050243139266968,1.837966203689575,-0.1338215619325638,2.144151449203491
2.094662189483643,1.83567214012146,-0.1639353483915329,2.148807525634766
2.137795209884644,1.833385944366455,-0.2106831818819046,2.15337610244751
2.164170503616333,1.831115007400513,-0.261093407869339,2.157848834991455
2.177618980407715,1.828865647315979,-0.2806634902954102,2.162218570709229
2.147241592407227,1.8266441822052,-0.2590408027172089,2.166478872299194
2.110811710357666,1.824456095695496,-0.2313330322504044,2.170624256134033
2.087155818939209,1.822306394577026,-0.1937401294708252,2.174650430679321
2.05737566947937,1.820199489593506,-0.1573453694581985,2.178553581237793
2.038200378417969,1.8181391954422,-0.1123395264148712,2.182331085205078
2.00366997718811,1.816129207611084,-0.03970942273736,2.185980319976807
1.982495546340942,1.814172148704529,0.03780180215835571,2.189499855041504
1.991842269897461,1.812270760536194,0.14530348777771,2.192888975143433
1.991068720817566,1.810426950454712,0.2591826915740967,2.196147441864014
2.016807317733765,1.808642268180847,0.3773557543754578,2.199275016784668
2.037221193313599,1.806918144226074,0.4925536215305328,2.202272891998291
2.077462196350098,1.80525529384613,0.5860459208488464,2.20514178276062
2.164240598678589,1.803654313087463,0.6208319664001465,2.207883358001709
2.242570877075195,1.802115440368652,0.629821240901947,2.210499048233032
2.331022262573242,1.800638556480408,0.6052308082580566,2.21299147605896
2.384683609008789,1.79922354221344,0.605732798576355,2.215362548828125
2.438262939453125,1.797869801521301,0.5982365012168884,2.217615127563477
2.501037836074829,1.796576619148254,0.6179594397544861,2.219751596450806
2.544049263000488,1.795343160629272,0.6118133068084717,2.221775054931641
2.571367740631104,1.794168472290039,0.6490539908409119,2.223688364028931
2.574118137359619,1.793051481246948,0.6836891770362854,2.225494384765625
2.597548484802246,1.791990637779236,0.7064556479454041,2.22719669342041
2.638367652893066,1.790984869003296,0.7529255151748657,2.228798151016235
2.653120279312134,1.790032625198364,0.835626482963562,2.230302333831787
2.675397634506226,1.789132595062256,0.906161367893219,2.231711864471436
2.657632112503052,1.788283109664917,1.018718481063843,2.233030557632446
2.651822805404663,1.787482738494873,1.154583692550659,2.234261035919189
2.655886650085449,1.78672981262207,1.29132866859436,2.235406875610352
2.65526819229126,1.786022901535034,1.390682697296143,2.236471176147461
2.642274618148804,1.785360217094421,1.477262258529663,2.237456798553467
2.598459243774414,1.784740447998047,1.533101081848145,2.238366842269897
2.569370746612549,1.784161925315857,1.579010963439941,2.239204168319702
2.512313365936279,1.783622980117798,1.603858709335327,2.239971876144409
2.466523170471191,1.783122420310974,1.645405888557434,2.240672826766968
2.394636631011963,1.782658457756042,1.68846869468689,2.241309642791748
2.280743837356567,1.782229900360107,1.76475203037262,2.24188494682312
2.190551996231079,1.781834959983826,1.831831932067871,2.242401361465454
2.078193426132202,1.781472682952881,1.94139301776886,2.242861747741699
1.95185124874115,1.781141519546509,2.025182962417603,2.243268013000488
1.845987915992737,1.780840158462524,2.077540159225464,2.24362325668335
1.685209155082703,1.780567288398743,2.123699903488159,2.243929147720337
1.538982033729553,1.780321836471558,2.147335290908813,2.244188547134399
1.395575046539307,1.780102491378784,2.15057635307312,2.244403123855591
1.264536738395691,1.779908061027527,2.120867013931274,2.244575262069702
1.140961766242981,1.77973747253418,2.084384679794312,2.244707107543945
1.071604371070862,1.779589772224426,2.027231693267822,2.244800567626953
0.9691866040229797,1.779463768005371,1.976261734962463,2.244857549667358
0.8987841606140137,1.779358267784119,1.964782238006592,2.244879961013794
0.8330149054527283,1.779272675514221,1.952335238456726,2.244869470596313
0.7691155076026917,1.779205918312073,1.97648298740387,2.244828224182129
0.6850584745407104,1.779156923294067,2.033073902130127,2.244757652282715
0.6141623854637146,1.779124855995178,2.113264083862305,2.244659423828125
0.512161910533905,1.779108881950378,2.207273006439209,2.244535446166992
0.4279772639274597,1.779108285903931,2.300071477890015,2.244386911392212
0.329712450504303,1.779122114181519,2.380595207214355,2.244215488433838
0.3029991090297699,1.779149651527405,2.426991939544678,2.244022607803345
0.3074267506599426,1.779190063476562,2.446208238601685,2.243809700012207
0.3321216404438019,1.779242753982544,2.452403783798218,2.243578433990479
0.3642148673534393,1.779306888580322,2.4441077709198,2.243329763412476
0.422748863697052,1.77938187122345,2.445960760116577,2.243064880371094
0.4439378380775452,1.779466986656189,2.430323362350464,2.242785453796387
0.4569466710090637,1.779561519622803,2.413637161254883,2.242492437362671
0.4158330857753754,1.779664874076843,2.408542156219482,2.242187261581421
0.3624842166900635,1.779776573181152,2.387066841125488,2.241870641708374
0.2852136790752411,1.779895901679993,2.364543437957764,2.241544008255005
0.2163957357406616,1.780022263526917,2.333550691604614,2.241208076477051
0.208091989159584,1.780155181884766,2.308601856231689,2.240864276885986
0.2217355668544769,1.780294179916382,2.290470838546753,2.240513324737549
0.2342864573001862,1.780438542366028,2.281482458114624,2.240156173706055
0.2851503491401672,1.780588030815125,2.279308319091797,2.23979377746582
0.3912656307220459,1.780741810798645,2.253411531448364,2.239426851272583
0.492565244436264,1.7808997631073,2.251856803894043,2.239056587219238
0.6185907125473022,1.781061291694641,2.213781833648682,2.238683223724365
0.7647039294242859,1.781225919723511,2.14830756187439,2.238307952880859
0.8765284419059753,1.78139328956604,2.087950944900513,2.237931251525879
1.024191498756409,1.781562924385071,2.00610613822937,2.23755407333374
1.133075356483459,1.781734466552734,1.945171117782593,2.237176656723022
1.233151793479919,1.781907677650452,1.871909618377686,2.236799955368042
1.31105899810791,1.782082080841064,1.825389981269836,2.236424446105957
1.349905371665955,1.782257318496704,1.7626793384552,2.236050844192505
1.402478575706482,1.782433032989502,1.730340838432312,2.235679149627686
1.444941401481628,1.782609105110168,1.6867995262146,2.235310316085815
1.486701965332031,1.782785058021545,1.648477435112,2.234944820404053
1.511997222900391,1.782960653305054,1.613836050033569,2.234582901000977
1.543200731277466,1.783135652542114,1.574571251869202,2.234224796295166
1.581072807312012,1.783309817314148,1.556854486465454,2.233871221542358
1.610555529594421,1.783482909202576,1.540096044540405,2.233522176742554
1.650949835777283,1.783654689788818,1.506523728370667,2.233178377151489
1.653209328651428,1.783824920654297,1.4873046875,2.232839822769165
1.679711818695068,1.783993482589722,1.473207592964172,2.23250675201416
1.709770202636719,1.784160137176514,1.489229440689087,2.232179403305054
1.739524245262146,1.784324765205383,1.489361524581909,2.231858015060425
1.76764178276062,1.784487128257751,1.526457905769348,2.231542825698853
1.79086446762085,1.784647226333618,1.543334484100342,2.231234073638916
1.823530435562134,1.784804821014404,1.571055769920349,2.230931758880615
1.832570672035217,1.78495979309082,1.576640367507935,2.230636119842529
1.841276407241821,1.785112142562866,1.558340787887573,2.230346918106079
1.823636293411255,1.785261631011963,1.525247573852539,2.230064630508423
1.777446508407593,1.78540825843811,1.50066089630127,2.229789257049561
1.72754430770874,1.785552024841309,1.486083507537842,2.229520797729492
1.672595500946045,1.785692572593689,1.478557705879211,2.229259014129639
1.627768874168396,1.785830140113831,1.516980648040771,2.229004383087158
1.586256504058838,1.785964608192444,1.532221913337708,2.228756666183472
1.545456409454346,1.786095976829529,1.565914750099182,2.228515863418579
1.533782720565796,1.786224007606506,1.583755493164062,2.228281736373901
1.529825568199158,1.786348938941956,1.554227352142334,2.228054523468018
1.526146769523621,1.786470651626587,1.514866232872009,2.227834224700928
1.529257297515869,1.786589860916138,1.48551619052887,2.227620363235474
1.527174830436707,1.786710262298584,1.458057165145874,2.227410316467285
1.509405016899109,1.786838889122009,1.46989917755127,2.227198839187622
1.500726103782654,1.786987066268921,1.501293182373047,2.226974964141846
1.488809108734131,1.787169814109802,1.54429042339325,2.226722240447998
1.528049230575562,1.787404298782349,1.579445362091064,2.226417064666748
1.567517638206482,1.787709712982178,1.612330675125122,2.226029634475708
1.637793302536011,1.788105368614197,1.580815196037292,2.225524425506592
1.71402633190155,1.788610339164734,1.546964168548584,2.22486138343811
1.791132092475891,1.789242267608643,1.469690799713135,2.223996162414551
1.886220216751099,1.790017008781433,1.396317005157471,2.222882986068726
1.947478771209717,1.790947794914246,1.353871703147888,2.221475839614868
1.995561957359314,1.792045116424561,1.316263198852539,2.21972918510437
2.014014005661011,1.793316721916199,1.281583547592163,2.217600107192993
2.032823085784912,1.794774174690247,1.259842753410339,2.215047359466553
2.067665338516235,1.796404719352722,1.211806535720825,2.212038040161133
2.097697019577026,1.798214077949524,1.140925049781799,2.208542585372925
2.122561693191528,1.800198197364807,1.057929039001465,2.204537868499756
2.119091510772705,1.802350878715515,0.946539044380188,2.200006723403931
2.13318133354187,1.804663419723511,0.8212736845016479,2.194938898086548
2.154354810714722,1.807125806808472,0.7014700174331665,2.189330339431763
2.156963348388672,1.809726119041443,0.59397953748703,2.183183908462524
2.156600713729858,1.812451362609863,0.4879137873649597,2.176508188247681
2.123269557952881,1.815287947654724,0.4129699170589447,2.169318199157715
2.105852127075195,1.81822144985199,0.337541401386261,2.161633729934692
2.085415601730347,1.821236968040466,0.2688630223274231,2.15347957611084
2.060395956039429,1.824319839477539,0.2103876024484634,2.144884347915649
2.013237476348877,1.827455163002014,0.1864607334136963,2.135880947113037
1.936171412467957,1.830628514289856,0.1722854822874069,2.126504182815552
1.87882125377655,1.833826184272766,0.1717683523893356,2.11679220199585
1.817640066146851,1.837034344673157,0.1989928036928177,2.106783866882324
1.773372650146484,1.840240597724915,0.2363008260726929,2.096519947052002
1.760393738746643,1.843432784080505,0.2496300488710403,2.086041688919067
1.744205594062805,1.846599817276001,0.286659300327301,2.075389623641968
1.781078457832336,1.84973156452179,0.307671844959259,2.064605236053467
1.83855664730072,1.852818608283997,0.3296144902706146,2.053727865219116
1.923559784889221,1.855852484703064,0.3343734443187714,2.042796850204468
2.017009973526001,1.85882568359375,0.3584747314453125,2.031849384307861
2.133707284927368,1.86173152923584,0.3849366307258606,2.020921468734741
2.248139619827271,1.864564180374146,0.4098125994205475,2.010046720504761
2.368841648101807,1.867318987846375,0.4272008240222931,1.99925696849823
2.48814868927002,1.869991421699524,0.4544322788715363,1.988581895828247
2.592552423477173,1.872578501701355,0.4825598001480103,1.97804868221283
2.682697296142578,1.875077247619629,0.4695969820022583,1.967682480812073
2.722705602645874,1.877485871315002,0.4481707513332367,1.957505822181702
2.73678994178772,1.879802823066711,0.4191348552703857,1.947539091110229
2.720972061157227,1.882027268409729,0.3477790653705597,1.937800288200378
2.677870988845825,1.884159088134766,0.291241854429245,1.92830502986908
2.62371826171875,1.886198163032532,0.2417598515748978,1.919067144393921
2.571565389633179,1.888145208358765,0.2170324474573135,1.91009795665741
2.567353487014771,1.890001058578491,0.1760218143463135,1.90140688419342
2.566741466522217,1.891766905784607,0.1708054542541504,1.893001675605774
2.608274698257446,1.893444299697876,0.1758543103933334,1.884888052940369
2.66439414024353,1.895034909248352,0.174886628985405,1.877070307731628
2.728536128997803,1.896540880203247,0.1587954759597778,1.869551062583923
2.805598497390747,1.897964119911194,0.09385880082845688,1.862331390380859
2.884959697723389,1.899306893348694,0.01133735198527575,1.855411529541016
2.940483331680298,1.900571584701538,-0.07742256671190262,1.848790049552917
2.955946445465088,1.901760697364807,-0.162346675992012,1.842464685440063
2.961743593215942,1.902876496315002,-0.2225129902362823,1.836432456970215
2.962710857391357,1.903921723365784,-0.2550797462463379,1.830689072608948
2.966533899307251,1.904898762702942,-0.2536238133907318,1.82522988319397
2.962738513946533,1.905810236930847,-0.2275793850421906,1.820049643516541
2.941635847091675,1.906658530235291,-0.1600748002529144,1.815142273902893
2.936978816986084,1.907446265220642,-0.1032130792737007,1.810501575469971
2.963090658187866,1.908175706863403,-0.06950953602790833,1.806120634078979
2.980610132217407,1.908849477767944,-0.0323101319372654,1.801992535591125
2.996333360671997,1.909469842910767,-0.03498350828886032,1.798110127449036
3.003904581069946,1.910038948059082,-0.05803504213690758,1.794465780258179
2.983431339263916,1.910559296607971,-0.05448246374726295,1.791052103042603
2.974447011947632,1.911032795906067,-0.03501653671264648,1.787861347198486
2.936797380447388,1.911461710929871,0.0009445567848160863,1.784886002540588
2.873462438583374,1.911847949028015,0.07468878477811813,1.782118439674377
2.782045841217041,1.912193655967712,0.1706612110137939,1.779551029205322
2.684385538101196,1.912500381469727,0.2926677763462067,1.777176380157471
2.594842433929443,1.91277027130127,0.3949003219604492,1.774986863136292
2.501165628433228,1.913004875183105,0.5210204720497131,1.772975444793701
2.40001392364502,1.913206100463867,0.6004843711853027,1.771134853363037
2.29824161529541,1.913375973701477,0.6539212465286255,1.769458055496216
2.212614774703979,1.913519024848938,0.7025304436683655,1.767938733100891
2.131701707839966,1.913641929626465,0.7495644092559814,1.766571998596191
2.103150129318237,1.913753151893616,0.7767088413238525,1.765356779098511
2.087857484817505,1.913861870765686,0.7567567229270935,1.764296889305115
2.077577114105225,1.913976073265076,0.75664883852005,1.763402581214905
2.102595567703247,1.914102077484131,0.768873393535614,1.762690544128418
2.130839586257935,1.914243221282959,0.8046789169311523,1.762184262275696
2.152910470962524,1.91439962387085,0.8466607332229614,1.761913299560547
2.175420045852661,1.914567589759827,0.9188543558120728,1.761912107467651
2.151741504669189,1.914740443229675,1.023704171180725,1.762219071388245
2.11991810798645,1.914907693862915,1.100905537605286,1.762874841690063
2.080322265625,1.915056586265564,1.218202114105225,1.763920545578003
2.044431686401367,1.915171980857849,1.296293139457703,1.765396952629089
2.030628442764282,1.915243864059448,1.300297260284424,1.767342209815979
2.041682243347168,1.91524064540863,1.30199146270752,1.769793391227722
2.021202087402344,1.915152430534363,1.298919796943665,1.77277946472168
2.046518087387085,1.914961814880371,1.280262589454651,1.776325941085815
2.071889400482178,1.914652466773987,1.284339189529419,1.780452370643616
2.094306230545044,1.914209246635437,1.317813515663147,1.785172343254089
2.119218349456787,1.913618803024292,1.338420510292053,1.79049277305603
2.164166688919067,1.912869691848755,1.391971230506897,1.796414136886597
2.176802158355713,1.91195285320282,1.421763896942139,1.802930593490601
2.227386713027954,1.910861134529114,1.444425821304321,1.810029983520508
2.278398275375366,1.909590244293213,1.453885555267334,1.817694783210754
2.3435218334198,1.908137679100037,1.43678343296051,1.825902104377747
2.405280113220215,1.906503558158875,1.420213222503662,1.834624171257019
2.480852603912354,1.904690265655518,1.410247087478638,1.843829393386841
2.528024435043335,1.902701735496521,1.405385255813599,1.853482484817505
2.593222141265869,1.900544166564941,1.377652525901794,1.863545298576355
2.625680685043335,1.89822518825531,1.375086903572083,1.873977661132812
2.645658731460571,1.895753860473633,1.335996508598328,1.884737610816956
2.681133270263672,1.89314067363739,1.312669992446899,1.895781874656677
2.69329047203064,1.890396595001221,1.301539659500122,1.907067060470581
2.689584016799927,1.887534022331238,1.286051630973816,1.918549537658691
2.706910371780396,1.884565591812134,1.301350474357605,1.930186033248901
2.711424112319946,1.88150417804718,1.300285339355469,1.94193434715271
2.699967861175537,1.878363251686096,1.306998133659363,1.953753232955933
2.684136629104614,1.875156044960022,1.313821077346802,1.965603113174438
2.644592046737671,1.871895909309387,1.298676729202271,1.977445960044861
2.575138568878174,1.868595719337463,1.258158683776855,1.989245891571045
2.507808208465576,1.865267992019653,1.193505883216858,2.000969171524048
2.420412540435791,1.86192512512207,1.130186557769775,2.012584447860718
2.383399486541748,1.858578562736511,1.041006088256836,2.024062156677246
2.339068651199341,1.855239510536194,0.9831069707870483,2.035375595092773
2.306111097335815,1.85191810131073,0.8942110538482666,2.046500682830811
2.313056230545044,1.848624229431152,0.8285168409347534,2.057415246963501
2.311034440994263,1.845366835594177,0.7626455426216125,2.068099975585938
2.338510990142822,1.842154026031494,0.6653672456741333,2.078537464141846
2.331900119781494,1.838993191719055,0.6000263094902039,2.088712930679321
2.307343482971191,1.835891246795654,0.5254961252212524,2.098613262176514
2.242561817169189,1.832854032516479,0.4493215978145599,2.108228206634521
2.159466981887817,1.829886794090271,0.3757202923297882,2.117548704147339
2.074196338653564,1.826994180679321,0.3037920892238617,2.126568078994751
1.973367214202881,1.824180006980896,0.2393806725740433,2.135280847549438
1.878870129585266,1.821447610855103,0.1915723234415054,2.143683910369873
1.765326380729675,1.818799614906311,0.1415282338857651,2.151774883270264
1.689404845237732,1.816238045692444,0.07668207585811615,2.159553050994873
1.638547420501709,1.813764452934265,0.02932327054440975,2.167018890380859
1.600097417831421,1.81138014793396,-0.02066249214112759,2.174174308776855
1.585548996925354,1.809085488319397,-0.07024636119604111,2.181021690368652
1.553889870643616,1.806880831718445,-0.08058907091617584,2.187564611434937
1.558181405067444,1.804765939712524,-0.1029691621661186,2.193807363510132
1.596366047859192,1.802740454673767,-0.1116475164890289,2.199755191802979
1.643889188766479,1.800803542137146,-0.1021838560700417,2.205413341522217
1.705299496650696,1.798953890800476,-0.08106695860624313,2.210788011550903
1.757983326911926,1.797190546989441,-0.03826493769884109,2.215885639190674
1.826914668083191,1.795511841773987,-0.01317497529089451,2.220713138580322
1.917814970016479,1.79391610622406,0.002443777862936258,2.225277900695801
1.990739464759827,1.792401552200317,0.01085152477025986,2.229586839675903
2.052846670150757,1.790966272354126,0.01976885460317135,2.233647584915161
2.079613924026489,1.789608240127563,0.03522926196455956,2.237467765808105
2.101191997528076,1.788325190544128,0.04050678387284279,2.241055011749268
2.137338638305664,1.787115097045898,0.07418587803840637,2.244417190551758
2.154545545578003,1.785975575447083,0.133241206407547,2.247561693191528
2.166158437728882,1.784904599189758,0.2394960522651672,2.250496387481689
2.153873682022095,1.783899784088135,0.3779348433017731,2.253228425979614
2.161082983016968,1.78295886516571,0.5511688590049744,2.255765914916992
2.19905424118042,1.782079696655273,0.7198901772499084,2.258115530014038
2.227749109268188,1.781259894371033,0.8621864318847656,2.260284900665283
2.239029884338379,1.780497312545776,1.019206166267395,2.262280941009521
2.221390962600708,1.779789805412292,1.151451349258423,2.264110803604126
2.208304405212402,1.779135346412659,1.257686495780945,2.265780687332153
2.205497741699219,1.778531670570374,1.331613898277283,2.267297744750977
2.175923824310303,1.777976751327515,1.383655309677124,2.268668174743652
2.140380144119263,1.77746856212616,1.426597356796265,2.269898176193237
2.061989545822144,1.777005434036255,1.48041844367981,2.270993947982788
2.006486892700195,1.776585102081299,1.503405570983887,2.271961212158203
1.96722400188446,1.776206016540527,1.513225555419922,2.27280592918396
1.910727977752686,1.775866270065308,1.513078212738037,2.273533582687378
1.832143902778625,1.775564193725586,1.516457796096802,2.274149656295776
1.714092016220093,1.775297880172729,1.550844788551331,2.274659156799316
1.603321313858032,1.775066018104553,1.602346539497375,2.275067329406738
1.476890563964844,1.774866938591003,1.658905863761902,2.275379180908203
1.339940309524536,1.774698972702026,1.739266157150269,2.275599479675293
1.180382251739502,1.774560809135437,1.824674487113953,2.275732755661011
1.003295540809631,1.774450898170471,1.907887578010559,2.275783538818359
0.860913872718811,1.774368047714233,1.97714900970459,2.275756120681763
0.7399082183837891,1.774310708045959,2.019682645797729,2.275654792785645
0.6834889054298401,1.774277687072754,2.023238658905029,2.275483846664429
0.646858274936676,1.774267673492432,2.036413192749023,2.275246858596802
0.6239292621612549,1.774279475212097,2.031021356582642,2.274948120117188
0.6538625359535217,1.774311900138855,2.044005155563354,2.274591207504272
0.6928305625915527,1.774363875389099,2.091686248779297,2.274179458618164
0.720933735370636,1.774434328079224,2.171513795852661,2.273716926574707
0.747286319732666,1.774521946907043,2.295911312103271,2.273206472396851
0.7244027853012085,1.774626016616821,2.445700407028198,2.272651672363281
0.6716375946998596,1.774745225906372,2.606848955154419,2.272055864334106
0.6147503256797791,1.774878859519958,2.75702691078186,2.271421670913696
0.5533982515335083,1.775025844573975,2.881530284881592,2.270752429962158
0.486015111207962,1.775185346603394,2.976008415222168,2.270051002502441
0.4396196007728577,1.775356292724609,3.011682748794556,2.269320249557495
0.3785841166973114,1.775537967681885,3.018064022064209,2.26856255531311
0.3372748494148254,1.775729537010193,2.993811368942261,2.267780780792236
0.2982229292392731,1.775930166244507,2.987360715866089,2.266977310180664
0.2644487619400024,1.776139140129089,2.955794334411621,2.266154766082764
0.225942000746727,1.776355743408203,2.925559520721436,2.265315055847168
0.1487751007080078,1.776579022407532,2.94312047958374,2.264460802078247
0.05970674008131027,1.776808500289917,2.997995853424072,2.263594150543213
-0.04132131487131119,1.777043461799622,3.093885183334351,2.262716770172119
-0.1423028260469437,1.777283191680908,3.195496797561646,2.261831045150757
-0.2442927807569504,1.777527213096619,3.338534116744995,2.26093864440918
-0.3251229226589203,1.777774691581726,3.4452965259552,2.260041236877441
-0.3811030983924866,1.778025269508362,3.498998880386353,2.259140968322754
-0.4235303103923798,1.778278231620789,3.529782056808472,2.258239030838013
-0.4295003116130829,1.778533101081848,3.500709295272827,2.257337093353271
-0.4293551445007324,1.778789401054382,3.432234287261963,2.256436586380005
-0.4301733672618866,1.779046654701233,3.334979295730591,2.255539178848267
-0.44792240858078,1.779304385185242,3.283727169036865,2.254645824432373
-0.4613164663314819,1.77956223487854,3.231872797012329,2.253757953643799
-0.483450710773468,1.77981960773468,3.188142538070679,2.252876758575439
-0.525713324546814,1.780076265335083,3.162599325180054,2.252002954483032
-0.5520197153091431,1.78033173084259,3.131780862808228,2.251137971878052
-0.5846666097640991,1.780585646629333,3.093989849090576,2.250282526016235
-0.6002174615859985,1.780837893486023,3.002009391784668,2.249437808990479
-0.6200592517852783,1.7810879945755,2.93560791015625,2.24860405921936
-0.6148994565010071,1.781335592269897,2.854475021362305,2.247782468795776
-0.6221473813056946,1.781580567359924,2.804734945297241,2.246973514556885
-0.634428858757019,1.781822562217712,2.77934741973877,2.246177673339844
-0.646007776260376,1.782061338424683,2.78062915802002,2.24539589881897
-0.6683127880096436,1.782296895980835,2.801635503768921,2.244628429412842
-0.7033997178077698,1.782528758049011,2.814449310302734,2.243875741958618
-0.7210052609443665,1.782756924629211,2.829094886779785,2.243138074874878
-0.732573926448822,1.782981276512146,2.825616598129272,2.242415904998779
-0.7496599555015564,1.783201456069946,2.775638341903687,2.24170970916748
-0.7644195556640625,1.783417463302612,2.720920562744141,2.241019248962402
-0.7863568663597107,1.783629179000854,2.669434547424316,2.240345239639282
-0.7839809656143188,1.783836483955383,2.606853246688843,2.239687442779541
-0.7738757133483887,1.784039378166199,2.538906812667847,2.239046096801758
-0.7741894125938416,1.784237742424011,2.501100301742554,2.238421201705933
-0.7668015360832214,1.784431338310242,2.466968536376953,2.237812995910645
-0.7422237992286682,1.784620404243469,2.456363439559937,2.237221479415894
-0.702985405921936,1.784804821014404,2.433995485305786,2.236646175384521
-0.6489790678024292,1.784984469413757,2.419587135314941,2.236087560653687
-0.5833057761192322,1.785159468650818,2.393534898757935,2.23554539680481
-0.5412945747375488,1.785329699516296,2.365407466888428,2.235019207000732
-0.4580280184745789,1.785495162010193,2.306830883026123,2.234509229660034
-0.3693478107452393,1.785655975341797,2.204984903335571,2.234015226364136
-0.2702848613262177,1.785812139511108,2.07409143447876,2.233537197113037
-0.1643943637609482,1.785963535308838,1.921576738357544,2.233074426651001
-0.05194495618343353,1.786110401153564,1.778963804244995,2.232627153396606
0.06013259664177895,1.786252737045288,1.654062509536743,2.232194900512695
0.1794557869434357,1.786390542984009,1.531938672065735,2.231777429580688
0.283854067325592,1.786523938179016,1.434017777442932,2.231374502182007
0.3549114465713501,1.78665292263031,1.365491986274719,2.230985879898071
0.4129990339279175,1.786777496337891,1.328798770904541,2.230611324310303
0.4447197020053864,1.786897897720337,1.274985551834106,2.230250597000122
0.4466511905193329,1.787014007568359,1.255860447883606,2.229903221130371
0.4323824644088745,1.787126183509827,1.232227921485901,2.229568719863892
0.3862573504447937,1.78723418712616,1.243534684181213,2.229247093200684
0.3582283556461334,1.787345886230469,1.259235143661499,2.228934049606323
0.3416266739368439,1.787446737289429,1.246503949165344,2.228633642196655
0.3219545781612396,1.787543773651123,1.257142782211304,2.228345155715942
0.2930795848369598,1.787636995315552,1.26855206489563,2.228068351745605
0.2902669310569763,1.787726759910583,1.266025424003601,2.227802991867065
0.3050296306610107,1.787812829017639,1.281494379043579,2.227548360824585
0.3219530284404755,1.787895560264587,1.297943472862244,2.227304697036743
0.3314739167690277,1.787975072860718,1.345057010650635,2.227071285247803
0.3416556715965271,1.788051247596741,1.414629459381104,2.226847887039185
0.371457040309906,1.788124203681946,1.491322994232178,2.22663426399231
0.4099439084529877,1.788194298744202,1.568255305290222,2.22642993927002
0.4481321275234222,1.788261294364929,1.633171439170837,2.226234674453735
0.5077845454216003,1.788325428962708,1.667365312576294,2.226048231124878
0.548043966293335,1.788386821746826,1.709397435188293,2.225870132446289
0.6040535569190979,1.788445591926575,1.749061465263367,2.225699901580811
0.6853070259094238,1.788501739501953,1.746679186820984,2.225537776947021
0.7760157585144043,1.788555502891541,1.78737998008728,2.225383043289185
0.8660283088684082,1.788606643676758,1.830446720123291,2.2252357006073
0.9429762363433838,1.788655638694763,1.870556831359863,2.225095272064209
1.064145088195801,1.788702368736267,1.947282552719116,2.224961280822754
1.176468133926392,1.78874683380127,2.028473615646362,2.224833965301514
1.288921713829041,1.78878927230835,2.117883205413818,2.22471284866333
1.407216191291809,1.788829803466797,2.223251342773438,2.224597454071045
1.51819634437561,1.788868308067322,2.303915500640869,2.224487781524658
1.613579154014587,1.788905024528503,2.39402174949646,2.224383592605591
1.66521167755127,1.788939952850342,2.476479053497314,2.224284648895264
1.746795296669006,1.788973093032837,2.536336660385132,2.224190711975098
1.786112546920776,1.789004802703857,2.578438282012939,2.224101543426514
1.82804262638092,1.789034843444824,2.615503072738647,2.224016666412354
1.876469016075134,1.789063334465027,2.612667083740234,2.223936557769775
1.931530237197876,1.789090514183044,2.606100797653198,2.223860263824463
1.979495048522949,1.789116263389587,2.58824348449707,2.223788022994995
1.998617053031921,1.789140701293945,2.537715673446655,2.223719596862793
2.025973558425903,1.789163827896118,2.469242811203003,2.223654747009277
2.009833812713623,1.789185881614685,2.413466453552246,2.223593473434448
1.971910119056702,1.789206624031067,2.366726636886597,2.223535299301147
1.920248508453369,1.789226412773132,2.367252111434937,2.223480463027954
1.852475881576538,1.789245128631592,2.40024995803833,2.22342848777771
1.79419732093811,1.789262890815735,2.452681541442871,2.223379373550415
1.709013700485229,1.789279580116272,2.514971494674683,2.22333288192749
1.650645017623901,1.789295434951782,2.596395254135132,2.223289012908936
1.58795440196991,1.789310574531555,2.618955135345459,2.223247528076172
1.546196579933167,1.789324760437012,2.57591986656189,2.223208427429199
1.505634784698486,1.789338111877441,2.476505517959595,2.223171472549438
1.49143922328949,1.789350867271423,2.333597183227539,2.22313666343689
1.467227458953857,1.789362788200378,2.148683786392212,2.223103761672974
1.43083119392395,1.789374113082886,2.005423784255981,2.22307276725769
1.396979093551636,1.789384841918945,1.866457462310791,2.223043441772461
1.336613655090332,1.789394855499268,1.787447810173035,2.223015785217285
1.290656089782715,1.789404392242432,1.750432968139648,2.222990036010742
1.240077137947083,1.789413332939148,1.744695067405701,2.222965478897095
1.18504786491394,1.789421796798706,1.765784740447998,2.222942352294922
1.141157984733582,1.789429783821106,1.790404915809631,2.222920894622803
1.104799747467041,1.789437294006348,1.760668516159058,2.222900390625
1.09301221370697,1.789444327354431,1.73607611656189,2.222881317138672
1.087796211242676,1.789451003074646,1.691274642944336,2.22286319732666
1.098308205604553,1.789457201957703,1.644170522689819,2.222846269607544
1.106480717658997,1.78946316242218,1.560492992401123,2.222830295562744
1.146266937255859,1.7894686460495,1.48850405216217,2.222815275192261
1.211859703063965,1.78947389125824,1.370943784713745,2.222801208496094
1.284070253372192,1.789478778839111,1.250134587287903,2.222788095474243
1.375724911689758,1.789483428001404,1.103523135185242,2.22277569770813
1.443623542785645,1.789487719535828,0.9693951010704041,2.222764015197754
1.508692383766174,1.789491891860962,0.8457590341567993,2.222753047943115
1.574946284294128,1.789495706558228,0.7399768829345703,2.222743034362793
1.62174665927887,1.789499282836914,0.6672253012657166,2.22273325920105
1.657064199447632,1.789502620697021,0.6313985586166382,2.222724437713623
1.66556978225708,1.789505839347839,0.6179383993148804,2.222715854644775
1.681576132774353,1.789508700370789,0.6042051911354065,2.222707986831665
1.73430335521698,1.789511561393738,0.5753784775733948,2.222700595855713
1.777008533477783,1.789514064788818,0.5586621761322021,2.222693681716919
1.824728608131409,1.789516568183899,0.5372044444084167,2.222687244415283
1.883598804473877,1.7895188331604,0.5372899174690247,2.222681045532227
1.943954348564148,1.789520978927612,0.5539365410804749,2.222675323486328
1.991560459136963,1.789523005485535,0.5767651200294495,2.222670078277588
2.055389881134033,1.789524912834167,0.6159988641738892,2.222665071487427
2.100779294967651,1.789526581764221,0.6560431718826294,2.222660541534424
2.120967388153076,1.789528250694275,0.7089277505874634,2.222656011581421
2.155763626098633,1.789536356925964,0.7313467264175415,2.222651958465576
2.183007955551147,1.789536356925964,0.7720946073532104,2.222651958465576
2.238000392913818,1.789536356925964,0.7993976473808289,2.222651958465576
2.297106266021729,1.789536356925964,0.8345823884010315,2.222651958465576
2.34333872795105,1.789536356925964,0.8838750123977661,2.222651958465576
2.40611720085144,1.789536356925964,0.9467796683311462,2.222651958465576
2.46382999420166,1.789536356925964,0.9835706353187561,2.222651958465576
2.486891508102417,1.789536356925964,1.032734990119934,2.222651958465576
2.529410123825073,1.789536356925964,1.080351948738098,2.222651958465576
2.541640758514404,1.789536356925964,1.109538197517395,2.222651958465576
2.529629230499268,1.789536356925964,1.114942193031311,2.222651958465576
2.523186445236206,1.789536356925964,1.124784588813782,2.222651958465576
2.50774097442627,1.789536356925964,1.127182364463806,2.222651958465576
2.518865585327148,1.789536356925964,1.154106497764587,2.222651958465576
2.524762153625488,1.789536356925964,1.173316478729248,2.222651958465576
2.507842779159546,1.789536356925964,1.242313623428345,2.222651958465576
2.483993768692017,1.789536356925964,1.329800724983215,2.222651958465576
2.443835496902466,1.789536356925964,1.426740169525146,2.222651958465576
2.415417194366455,1.789536356925964,1.497852087020874,2.222651958465576
2.374139785766602,1.789536356925964,1.563111305236816,2.222651958465576
2.345003604888916,1.789536356925964,1.550039529800415,2.222651958465576
2.287465810775757,1.789536356925964,1.493535757064819,2.222651958465576
2.252291440963745,1.789536356925964,1.380275964736938,2.222651958465576
2.232964277267456,1.789536356925964,1.230355381965637,2.222651958465576
2.215327978134155,1.789536356925964,1.073552370071411,2.222651958465576
2.19161057472229,1.789536356925964,0.9542707800865173,2.222651958465576
2.125123977661133,1.789536356925964,0.8781781792640686,2.222651958465576
2.044978380203247,1.789536356925964,0.8586579561233521,2.222651958465576
1.977538585662842,1.789536356925964,0.8502508401870728,2.222651958465576
1.880711793899536,1.789536356925964,0.8911370635032654,2.222651958465576
1.787045121192932,1.789536356925964,0.9252160787582397,2.222651958465576
1.670477867126465,1.789536356925964,0.9792793393135071,2.222651958465576
1.562440991401672,1.789536356925964,0.9916329979896545,2.222651958465576
1.476299285888672,1.789536356925964,1.005995988845825,2.222651958465576
1.39486289024353,1.789536356925964,1.012030959129333,2.222651958465576
1.324020028114319,1.789536356925964,1.011517763137817,2.222651958465576
1.239274859428406,1.789536356925964,1.025315284729004,2.222651958465576
1.163262605667114,1.789536356925964,1.042834162712097,2.222651958465576
1.112869024276733,1.789536356925964,1.043790578842163,2.222651958465576
1.051648736000061,1.789536356925964,1.077185750007629,2.222651958465576
1.012030959129333,1.789536356925964,1.087961912155151,2.222651958465576
0.9514579772949219,1.789536356925964,1.098152160644531,2.222651958465576
0.926324188709259,1.789536356925964,1.074496388435364,2.222651958465576
0.9146109819412231,1.789536356925964,1.078180909156799,2.222651958465576
0.9234929084777832,1.789536356925964,1.061547517776489,2.222651958465576
0.9366582036018372,1.789536356925964,1.076342701911926,2.222651958465576
0.9511021971702576,1.789536356925964,1.099194884300232,2.222651958465576
0.992988109588623,1.789536356925964,1.112267971038818,2.222651958465576
1.030610918998718,1.789536356925964,1.147966027259827,2.222651958465576
1.064833045005798,1.789536356925964,1.172784328460693,2.222651958465576
1.12219250202179,1.789536356925964,1.205638885498047,2.222651958465576
1.153043866157532,1.789536356925964,1.228330135345459,2.222651958465576
1.216702938079834,1.789536356925964,1.229192852973938,2.222651958465576
1.287707090377808,1.789536356925964,1.251833915710449,2.222651958465576
1.363087773323059,1.789536356925964,1.299139380455017,2.222651958465576
1.447664737701416,1.789536356925964,1.344111680984497,2.222651958465576
1.505982041358948,1.789536356925964,1.388680934906006,2.222651958465576
1.584752440452576,1.789536356925964,1.442282199859619,2.222651958465576
1.641822457313538,1.789536356925964,1.493672728538513,2.222651958465576
1.700186491012573,1.789536356925964,1.533389329910278,2.222651958465576
1.753083825111389,1.789536356925964,1.576167106628418,2.222651958465576
1.813162565231323,1.789536356925964,1.603718400001526,2.222651958465576
1.871131062507629,1.789536356925964,1.619074106216431,2.222651958465576
1.898242712020874,1.789536356925964,1.63421368598938,2.222651958465576
1.941306591033936,1.789536356925964,1.648861169815063,2.222651958465576
1.962616682052612,1.789537191390991,1.639276623725891,2.222651720046997
1.971933603286743,1.789541959762573,1.614457249641418,2.222650289535522
1.988013029098511,1.789557576179504,1.564584016799927,2.22264552116394
1.993461132049561,1.789594411849976,1.53603458404541,2.222632646560669
2.010610342025757,1.789665579795837,1.475411176681519,2.222604513168335
2.011369228363037,1.789786338806152,1.423909425735474,2.222551345825195
2.023110628128052,1.789973139762878,1.355424642562866,2.222460746765137
2.004721879959106,1.790241837501526,1.309417128562927,2.222317457199097
1.975170016288757,1.790608048439026,1.276103019714355,2.222105026245117
1.916732311248779,1.791085124015808,1.268189668655396,2.22180438041687
1.876456141471863,1.791684746742249,1.268879532814026,2.221397161483765
1.81726861000061,1.792415857315063,1.27842652797699,2.220863342285156
1.756738066673279,1.793284773826599,1.288779377937317,2.220184326171875
1.702586054801941,1.794294953346252,1.288675546646118,2.219342470169067
1.644307255744934,1.795447111129761,1.261673450469971,2.218321084976196
1.619031429290771,1.79673969745636,1.206425666809082,2.217105865478516
1.583028316497803,1.798168540000916,1.136277437210083,2.215684652328491
1.545644044876099,1.799727320671082,1.052302598953247,2.214047908782959
1.502195239067078,1.801408052444458,0.9460123777389526,2.212188482284546
1.455226898193359,1.80320131778717,0.8515700101852417,2.210102796554565
1.421459078788757,1.805096507072449,0.7409639954566956,2.207788944244385
1.397280812263489,1.807081818580627,0.6062488555908203,2.205248355865479
1.378837585449219,1.809145212173462,0.4594772160053253,2.202485084533691
1.349835872650146,1.811274170875549,0.2906882464885712,2.19950532913208
1.370697140693665,1.813455939292908,0.1250103563070297,2.196317434310913
1.382340669631958,1.815678238868713,-0.05020361766219139,2.19293212890625
1.399181723594666,1.817928552627563,-0.1936000138521194,2.189361333847046
1.421914935112,1.820195317268372,-0.314481645822525,2.185619115829468
1.406822562217712,1.822467088699341,-0.3957432210445404,2.18172025680542
1.421233534812927,1.82473349571228,-0.430248349905014,2.177680492401123
1.401123762130737,1.826984643936157,-0.426627904176712,2.173516511917114
1.368258953094482,1.829211473464966,-0.4042942523956299,2.169245004653931
1.32270884513855,1.831405639648438,-0.365327388048172,2.164883613586426
1.261130332946777,1.833559989929199,-0.3158825039863586,2.160449266433716
1.231472730636597,1.835667848587036,-0.2719007134437561,2.155959129333496
1.20879852771759,1.837723612785339,-0.2587349116802216,2.151430130004883
1.193254709243774,1.839722275733948,-0.2484368979930878,2.146878242492676
1.170568227767944,1.841659903526306,-0.2526738047599792,2.142319440841675
1.170154452323914,1.843532919883728,-0.2267013937234879,2.137768268585205
1.172011137008667,1.845338702201843,-0.2051086723804474,2.133239507675171
1.208284616470337,1.847075343132019,-0.1890861690044403,2.128745794296265
1.224639415740967,1.848741292953491,-0.147690549492836,2.124300003051758
1.225481510162354,1.850335597991943,-0.1127854734659195,2.119913339614868
1.24573814868927,1.851858019828796,-0.05681009590625763,2.115596055984497
1.252307534217834,1.85330855846405,0.01198156271129847,2.111357927322388
1.252896547317505,1.854687690734863,0.06458321213722229,2.107207298278809
1.227227568626404,1.855996131896973,0.1365461200475693,2.103151798248291
1.171534776687622,1.857235074043274,0.2118167728185654,2.099197626113892
1.118228673934937,1.858405947685242,0.2787685394287109,2.095350980758667
1.066512227058411,1.859510064125061,0.3359002470970154,2.091616153717041
1.034045338630676,1.860549449920654,0.3770521879196167,2.087997436523438
1.019332647323608,1.861525774002075,0.403519332408905,2.084497690200806
1.012319803237915,1.862441301345825,0.4408943355083466,2.081119537353516
1.032090544700623,1.863298058509827,0.5009810328483582,2.0778648853302
1.076678156852722,1.864098072052002,0.5431949496269226,2.074734449386597
1.119322180747986,1.864843726158142,0.6084121465682983,2.071729183197021
1.148845672607422,1.865537047386169,0.6999533176422119,2.068848609924316
1.172660708427429,1.866180419921875,0.7873805165290833,2.066092491149902
1.176154375076294,1.866775989532471,0.9022769927978516,2.063459873199463
1.193837761878967,1.867325782775879,0.9665896892547607,2.060949325561523
1.183049559593201,1.867832183837891,1.012181043624878,2.058558940887451
1.173798322677612,1.868296980857849,1.033745765686035,2.056287288665771
1.164753198623657,1.868722438812256,1.019244432449341,2.054131746292114
1.171901345252991,1.869110345840454,0.9675739407539368,2.052089929580688
1.18160605430603,1.869462609291077,0.9039662480354309,2.050159215927124
1.223759651184082,1.869781017303467,0.8202351927757263,2.048336744308472
1.222493767738342,1.870067358016968,0.7426300644874573,2.046619653701782
1.23144257068634,1.870323300361633,0.7028341889381409,2.045004844665527
1.222914099693298,1.870550513267517,0.6735341548919678,2.043489217758179
1.192860722541809,1.870750308036804,0.6609633564949036,2.042069911956787
1.175103902816772,1.870924234390259,0.6763343811035156,2.040743112564087
1.15009343624115,1.871073722839355,0.6653408408164978,2.039506435394287
1.113768458366394,1.87119996547699,0.6627435684204102,2.038356065750122
1.087124705314636,1.871304392814636,0.6703729033470154,2.037289142608643
1.057381510734558,1.871387958526611,0.6653488874435425,2.036302328109741
1.049608707427979,1.8714519739151,0.6721063256263733,2.035392999649048
1.039449214935303,1.871497273445129,0.6755335927009583,2.034557580947876
1.036580204963684,1.871525168418884,0.682681143283844,2.033793449401855
1.012965321540833,1.871537208557129,0.7011834979057312,2.033097505569458
1.025109171867371,1.87153697013855,0.7368777394294739,2.032466888427734
1.035742163658142,1.871530890464783,0.7811981439590454,2.031899929046631
1.049766898155212,1.871527433395386,0.8442133069038391,2.03139591217041
1.073516726493835,1.871535897254944,0.9038333296775818,2.030956268310547
1.07751190662384,1.871565461158752,0.9618018865585327,2.030585050582886
1.113508224487305,1.871623873710632,1.043863534927368,2.0302894115448
1.129958391189575,1.871716618537903,1.127988457679749,2.030078887939453
1.160481214523315,1.871846556663513,1.178949236869812,2.029965400695801
1.189166307449341,1.872013449668884,1.233202815055847,2.029963970184326
1.195451855659485,1.872213840484619,1.314272999763489,2.03009033203125
1.260521769523621,1.872441172599792,1.370377421379089,2.030361175537109
1.311612010002136,1.872686266899109,1.417813539505005,2.030794143676758
1.371168255805969,1.87293803691864,1.46396005153656,2.031405925750732
1.426845908164978,1.873183250427246,1.486095070838928,2.032212972640991
1.505752682685852,1.87340784072876,1.468542575836182,2.033230066299438
1.611388564109802,1.873596787452698,1.43370795249939,2.034470081329346
1.716170907020569,1.873735427856445,1.399838805198669,2.035943984985352
1.820195078849792,1.873808741569519,1.362277984619141,2.037659883499146
1.911769270896912,1.8738032579422,1.338160395622253,2.039623498916626
2.021890640258789,1.873705983161926,1.337575435638428,2.0418381690979
2.11956000328064,1.873505592346191,1.365791916847229,2.044304132461548
2.22143292427063,1.873192429542542,1.420843243598938,2.047019004821777
2.314622640609741,1.872758269309998,1.453983545303345,2.049978017807007
2.362245321273804,1.872196912765503,1.53667950630188,2.053173542022705
2.442607641220093,1.871504187583923,1.568597555160522,2.056596517562866
2.506200075149536,1.870677351951599,1.624235987663269,2.060235261917114
2.613722562789917,1.869715690612793,1.671142578125,2.06407642364502
2.707045555114746,1.868620276451111,1.751497745513916,2.068105936050415
2.807605028152466,1.867393493652344,1.811048984527588,2.072307109832764
2.94375467300415,1.866039276123047,1.839702010154724,2.076663970947266
3.073960065841675,1.86456298828125,1.862590432167053,2.08115816116333
3.175320148468018,1.86297070980072,1.874850511550903,2.085772275924683
3.262013912200928,1.861269950866699,1.874966859817505,2.090487957000732
3.286685228347778,1.859468698501587,1.852502584457397,2.095287084579468
3.254396915435791,1.857575654983521,1.834971308708191,2.100151062011719
3.186970949172974,1.855599999427795,1.839561343193054,2.10506272315979
3.096161842346191,1.853551030158997,1.851250886917114,2.110004663467407
2.99498176574707,1.851438641548157,1.889819502830505,2.114960193634033
2.898185014724731,1.849272489547729,1.885780572891235,2.119913578033447
2.773535251617432,1.847062230110168,1.922099947929382,2.124849557876587
2.681226968765259,1.844817399978638,1.954259753227234,2.129754066467285
2.583536386489868,1.842547178268433,1.976749539375305,2.134613990783691
2.473863363265991,1.840260624885559,2.026658535003662,2.139416694641113
2.396905422210693,1.837966203689575,2.041831254959106,2.144151449203491
2.310580968856812,1.83567214012146,2.029892444610596,2.148807525634766
2.21310830116272,1.833385944366455,2.005894660949707,2.15337610244751
2.136340618133545,1.831115007400513,1.974083781242371,2.157848834991455
2.054265737533569,1.828865647315979,1.898739337921143,2.162218570709229
1.965065956115723,1.8266441822052,1.790755271911621,2.166478872299194
1.890734076499939,1.824456095695496,1.657199263572693,2.170624256134033
1.786444902420044,1.822306394577026,1.51849102973938,2.174650430679321
1.692386746406555,1.820199489593506,1.358362793922424,2.178553581237793
1.599900245666504,1.8181391954422,1.194432377815247,2.182331085205078
1.51051664352417,1.816129207611084,1.042625784873962,2.185980319976807
1.409993290901184,1.814172148704529,0.938575267791748,2.189499855041504
1.332102656364441,1.812270760536194,0.8336465954780579,2.192888975143433
1.219921112060547,1.810426950454712,0.7832905054092407,2.196147441864014
1.123491048812866,1.808642268180847,0.7753252983093262,2.199275016784668
1.036226868629456,1.806918144226074,0.7746796607971191,2.202272891998291
0.9794451594352722,1.80525529384613,0.7603549957275391,2.20514178276062
0.9893757104873657,1.803654313087463,0.7189059853553772,2.207883358001709
1.022295951843262,1.802115440368652,0.6631445288658142,2.210499048233032
1.074595808982849,1.800638556480408,0.5905519127845764,2.21299147605896
1.168950200080872,1.79922354221344,0.4957945644855499,2.215362548828125
1.2455233335495,1.797869801521301,0.4236251711845398,2.217615127563477
1.307894349098206,1.796576619148254,0.3262126743793488,2.219751596450806
1.343901395797729,1.795343160629272,0.2590453922748566,2.221775054931641
1.34443211555481,1.794168472290039,0.1879131197929382,2.223688364028931
1.29742419719696,1.793051481246948,0.1197139620780945,2.225494384765625
1.242442727088928,1.791990637779236,0.05892815440893173,2.22719669342041
1.167369961738586,1.790984869003296,-7.07341605448164e-05,2.228798151016235
1.120789527893066,1.790032625198364,-0.04958302155137062,2.230302333831787
1.062087893486023,1.789132595062256,-0.06392198801040649,2.231711864471436
1.014388680458069,1.788283109664917,-0.08107049018144608,2.233030557632446
1.008109331130981,1.787482738494873,-0.1076349467039108,2.234261035919189
0.9955505132675171,1.78672981262207,-0.1365552395582199,2.235406875610352
1.032011389732361,1.786022901535034,-0.17731574177742,2.236471176147461
1.081336855888367,1.785360217094421,-0.24029740691185,2.237456798553467
1.151392459869385,1.784740447998047,-0.3271563947200775,2.238366842269897
1.219248652458191,1.784161925315857,-0.4221158623695374,2.239204168319702
1.286747336387634,1.783622980117798,-0.4784274101257324,2.239971876144409
1.390459179878235,1.783122420310974,-0.5032128095626831,2.240672826766968
1.501139640808105,1.782658457756042,-0.4947460889816284,2.241309642791748
1.638213276863098,1.782229900360107,-0.4565756320953369,2.24188494682312
1.761194229125977,1.781834959983826,-0.3772813081741333,2.242401361465454
1.941777229309082,1.781472682952881,-0.2849292755126953,2.242861747741699
2.125669717788696,1.781141519546509,-0.1680206805467606,2.243268013000488
2.326991558074951,1.780840158462524,-0.07441621273756027,2.24362325668335
2.528202772140503,1.780567288398743,-0.00552783627063036,2.243929147720337
2.654346942901611,1.780321836471558,0.07604022324085236,2.244188547134399
2.791430234909058,1.780102491378784,0.1299944669008255,2.244403123855591
2.847131729125977,1.779908061027527,0.2157721370458603,2.244575262069702
2.870513439178467,1.77973747253418,0.2763766944408417,2.244707107543945
2.859908103942871,1.779589772224426,0.3296257555484772,2.244800567626953
2.792292594909668,1.779463768005371,0.398624449968338,2.244857549667358
2.748491525650024,1.779358267784119,0.4347407519817352,2.244879961013794
2.693650007247925,1.779272675514221,0.4484975934028625,2.244869470596313
2.644774198532104,1.779205918312073,0.4391207098960876,2.244828224182129
2.592739820480347,1.779156923294067,0.4075424671173096,2.244757652282715
2.542844533920288,1.779124855995178,0.3661184012889862,2.244659423828125
2.510422229766846,1.779108881950378,0.3597716391086578,2.244535446166992
2.461932897567749,1.779108285903931,0.3856598436832428,2.244386911392212
2.419718027114868,1.779122114181519,0.4250300526618958,2.244215488433838
2.345213651657104,1.779149651527405,0.5042265653610229,2.244022607803345
2.297745227813721,1.779190063476562,0.5934418439865112,2.243809700012207
2.259536266326904,1.779242753982544,0.7076586484909058,2.243578433990479
2.215152263641357,1.779306888580322,0.8010903596878052,2.243329763412476
2.156306028366089,1.77938187122345,0.8927614688873291,2.243064880371094
2.065761089324951,1.779466986656189,1.022851347923279,2.242785453796387
1.969751000404358,1.779561519622803,1.167621493339539,2.242492437362671
1.848939776420593,1.779664874076843,1.333151578903198,2.242187261581421
1.720181465148926,1.779776573181152,1.546823024749756,2.241870641708374
1.568002343177795,1.779895901679993,1.788190960884094,2.241544008255005
1.406983613967896,1.780022263526917,2.006013154983521,2.241208076477051
1.274577617645264,1.780155181884766,2.210906028747559,2.240864276885986
1.157071232795715,1.780294179916382,2.391535520553589,2.240513324737549
1.049927949905396,1.780438542366028,2.554866313934326,2.240156173706055
0.9594805240631104,1.780588030815125,2.695273637771606,2.23979377746582
0.8441469669342041,1.780741810798645,2.819172143936157,2.239426851272583
0.7450054883956909,1.7808997631073,2.943284749984741,2.239056587219238
0.6572648286819458,1.781061291694641,3.032312154769897,2.238683223724365
0.5725144147872925,1.781225919723511,3.084463834762573,2.238307952880859
0.4850484430789948,1.78139328956604,3.108458757400513,2.237931251525879
0.4288046956062317,1.781562924385071,3.086690664291382,2.23755407333374
0.3451323509216309,1.781734466552734,3.048808574676514,2.237176656723022
0.2861126959323883,1.781907677650452,2.99186897277832,2.236799955368042
0.2129997611045837,1.782082080841064,2.979536294937134,2.236424446105957
0.140222355723381,1.782257318496704,2.984379053115845,2.236050844192505
0.08171737194061279,1.782433032989502,3.035975217819214,2.235679149627686
0.01108210999518633,1.782609105110168,3.120483636856079,2.235310316085815
-0.0603739507496357,1.782785058021545,3.215217590332031,2.234944820404053
-0.1182757541537285,1.782960653305054,3.316220760345459,2.234582901000977
-0.1775279641151428,1.783135652542114,3.387903451919556,2.234224796295166
-0.2208566665649414,1.783309817314148,3.452939748764038,2.233871221542358
-0.2690711617469788,1.783482909202576,3.492643117904663,2.233522176742554
-0.3128559589385986,1.783654689788818,3.519819736480713,2.233178377151489
-0.3775286674499512,1.783824920654297,3.549991846084595,2.232839822769165
-0.4196247458457947,1.783993482589722,3.546634912490845,2.23250675201416
-0.4498080313205719,1.784160137176514,3.563589572906494,2.232179403305054
-0.4713696539402008,1.784324765205383,3.53099513053894,2.231858015060425
-0.4922318458557129,1.784487128257751,3.518853902816772,2.231542825698853
-0.523857593536377,1.784647226333618,3.501044511795044,2.231234073638916
-0.5504871606826782,1.784804821014404,3.477767705917358,2.230931758880615
-0.5663774013519287,1.78495979309082,3.442101716995239,2.230636119842529
-0.588991105556488,1.785112142562866,3.40141487121582,2.230346918106079
-0.6035866141319275,1.785261631011963,3.341428279876709,2.230064630508423
-0.6195763945579529,1.78540825843811,3.255083799362183,2.229789257049561
-0.5895437598228455,1.785552024841309,3.149402618408203,2.229520797729492
-0.5406287312507629,1.785692572593689,3.021923303604126,2.229259014129639
-0.4647363424301147,1.785830140113831,2.908013582229614,2.229004383087158
-0.3718283176422119,1.785964608192444,2.81732439994812,2.228756666183472
-0.3050214648246765,1.786095976829529,2.755602598190308,2.228515863418579
-0.2086753100156784,1.786224007606506,2.724403381347656,2.228281736373901
-0.1343199759721756,1.786348938941956,2.698611974716187,2.228054523468018
-0.06278927624225616,1.786470651626587,2.662533044815063,2.227834224700928
0.01377142872661352,1.786589860916138,2.607884168624878,2.227620363235474
0.1147025749087334,1.786710262298584,2.494966983795166,2.227410316467285
0.2389861941337585,1.786838889122009,2.342495918273926,2.227198839187622
0.384440153837204,1.786987066268921,2.177660465240479,2.226974964141846
0.545676052570343,1.787169814109802,1.983826398849487,2.226722240447998
0.705583930015564,1.787404298782349,1.803947687149048,2.226417064666748
0.8617892265319824,1.787709712982178,1.658682107925415,2.226029634475708
0.9989900588989258,1.788105368614197,1.523452162742615,2.225524425506592
1.103976011276245,1.788610339164734,1.441398859024048,2.22486138343811
1.19539487361908,1.789242267608643,1.367873787879944,2.223996162414551
1.263990163803101,1.790017008781433,1.341677904129028,2.222882986068726
1.340775370597839,1.790947794914246,1.286060929298401,2.221475839614868
1.409360289573669,1.792045116424561,1.240188956260681,2.21972918510437
1.484232306480408,1.793316721916199,1.167082190513611,2.217600107192993
1.541312456130981,1.794774174690247,1.083582758903503,2.215047359466553
1.644818782806396,1.796404719352722,0.9750058650970459,2.212038040161133
1.722806334495544,1.798214077949524,0.867858350276947,2.208542585372925
1.802799582481384,1.800198197364807,0.7756016254425049,2.204537868499756
1.87566876411438,1.802350878715515,0.6864301562309265,2.200006723403931
1.951618671417236,1.804663419723511,0.61725914478302,2.194938898086548
2.05631422996521,1.807125806808472,0.5584309101104736,2.189330339431763
2.15252685546875,1.809726119041443,0.5065375566482544,2.183183908462524
2.253443002700806,1.812451362609863,0.4799585044384003,2.176508188247681
2.35779333114624,1.815287947654724,0.4212923943996429,2.169318199157715
2.46432638168335,1.81822144985199,0.4287520349025726,2.161633729934692
2.592621803283691,1.821236968040466,0.4387395083904266,2.15347957611084
2.701852321624756,1.824319839477539,0.4852225780487061,2.144884347915649
2.812716484069824,1.827455163002014,0.5426037907600403,2.135880947113037
2.887981176376343,1.830628514289856,0.6242697834968567,2.126504182815552
2.973761558532715,1.833826184272766,0.7159453630447388,2.11679220199585
3.065172433853149,1.837034344673157,0.7956674098968506,2.106783866882324
3.130779027938843,1.840240597724915,0.8678010106086731,2.096519947052002
3.185377597808838,1.843432784080505,0.8968945741653442,2.086041688919067
3.212089776992798,1.846599817276001,0.9180276393890381,2.075389623641968
3.247251033782959,1.84973156452179,0.9079340696334839,2.064605236053467
3.281394958496094,1.852818608283997,0.8855406641960144,2.053727865219116
3.288765430450439,1.855852484703064,0.8534495830535889,2.042796850204468
3.287593603134155,1.85882568359375,0.7858458757400513,2.031849384307861
3.245766878128052,1.86173152923584,0.7238007187843323,2.020921468734741
3.198503494262695,1.864564180374146,0.6823341250419617,2.010046720504761
3.123705625534058,1.867318987846375,0.6459115147590637,1.99925696849823
3.070882797241211,1.869991421699524,0.5917103290557861,1.988581895828247
2.996229648590088,1.872578501701355,0.5357321500778198,1.97804868221283
2.90107250213623,1.875077247619629,0.5190324187278748,1.967682480812073
2.846408367156982,1.877485871315002,0.4793561697006226,1.957505822181702
2.798895835876465,1.879802823066711,0.456011950969696,1.947539091110229
2.747994184494019,1.882027268409729,0.4535070061683655,1.937800288200378
2.72789478302002,1.884159088134766,0.4239687025547028,1.92830502986908
2.67065167427063,1.886198163032532,0.3971607685089111,1.919067144393921
2.636165857315063,1.888145208358765,0.3578917980194092,1.91009795665741
2.599178075790405,1.890001058578491,0.3100341260433197,1.90140688419342
2.565490007400513,1.891766905784607,0.2554408013820648,1.893001675605774
2.532912969589233,1.893444299697876,0.186096578836441,1.884888052940369
2.514020681381226,1.895034909248352,0.172998920083046,1.877070307731628
2.464613914489746,1.896540880203247,0.1863858848810196,1.869551062583923
2.429386615753174,1.897964119911194,0.2605877220630646,1.862331390380859
2.394302129745483,1.899306893348694,0.3490292727947235,1.855411529541016
2.347966194152832,1.900571584701538,0.4990202188491821,1.848790049552917
2.303690910339355,1.901760697364807,0.620370090007782,1.842464685440063
2.290734529495239,1.902876496315002,0.7114300727844238,1.836432456970215
2.247319221496582,1.903921723365784,0.7786062359809875,1.830689072608948
2.236191034317017,1.904898762702942,0.7818917036056519,1.82522988319397
2.21933650970459,1.905810236930847,0.7510319948196411,1.820049643516541
2.205470323562622,1.906658530235291,0.6639834642410278,1.815142273902893
2.215285778045654,1.907446265220642,0.5870518684387207,1.810501575469971
2.22063684463501,1.908175706863403,0.5160713195800781,1.806120634078979
2.198819160461426,1.908849477767944,0.4627218842506409,1.801992535591125
2.188513517379761,1.909469842910767,0.4575706720352173,1.798110127449036
2.160391330718994,1.910038948059082,0.4610033333301544,1.794465780258179
2.173861265182495,1.910559296607971,0.5088768601417542,1.791052103042603
2.194723844528198,1.911032795906067,0.5252565741539001,1.787861347198486
2.207042694091797,1.911461710929871,0.5686713457107544,1.784886002540588
2.212775945663452,1.911847949028015,0.58541339635849,1.782118439674377
2.228455305099487,1.912193655967712,0.5809593200683594,1.779551029205322
2.203633069992065,1.912500381469727,0.5703409910202026,1.777176380157471
2.16100811958313,1.91277027130127,0.5516940355300903,1.774986863136292
2.068757772445679,1.913004875183105,0.523390531539917,1.772975444793701
1.929462313652039,1.913206100463867,0.4670966565608978,1.771134853363037
1.77939760684967,1.913375973701477,0.4022197425365448,1.769458055496216
1.631649017333984,1.913519024848938,0.2928692996501923,1.767938733100891
1.521776080131531,1.913641929626465,0.1523392647504807,1.766571998596191
1.415263533592224,1.913753151893616,0.02325703762471676,1.765356779098511
1.29165244102478,1.913861870765686,-0.1322797834873199,1.764296889305115
1.190320014953613,1.913976073265076,-0.2544003129005432,1.763402581214905
1.070569396018982,1.914102077484131,-0.3609959483146667,1.762690544128418
0.9530987143516541,1.914243221282959,-0.4662091732025146,1.762184262275696
0.8215230703353882,1.91439962387085,-0.5333824157714844,1.761913299560547
0.6830892562866211,1.914567589759827,-0.5825841426849365,1.761912107467651
0.5292543768882751,1.914740443229675,-0.615566074848175,1.762219071388245
0.3873007893562317,1.914907693862915,-0.6259557604789734,1.762874841690063
0.2709084153175354,1.915056586265564,-0.6307920813560486,1.763920545578003
0.1725497096776962,1.915171980857849,-0.6086647510528564,1.765396952629089
0.08841739594936371,1.915243864059448,-0.5562175512313843,1.767342209815979
-0.01393191982060671,1.91524064540863,-0.4803469777107239,1.769793391227722
-0.07386523485183716,1.915152430534363,-0.4200776815414429,1.77277946472168
-0.1345116943120956,1.914961814880371,-0.3426271378993988,1.776325941085815
-0.1793261468410492,1.914652466773987,-0.2803738415241241,1.780452370643616
-0.2033355832099915,1.914209246635437,-0.2493789494037628,1.785172343254089
-0.259270191192627,1.913618803024292,-0.1855396926403046,1.79049277305603
-0.2766193151473999,1.912869691848755,-0.1454804688692093,1.796414136886597
-0.2873589396476746,1.91195285320282,-0.1152847409248352,1.802930593490601
-0.291822075843811,1.910861134529114,-0.06427866965532303,1.810029983520508
-0.2857810854911804,1.909590244293213,0.009691974148154259,1.817694783210754
-0.2975577116012573,1.908137679100037,0.09202510118484497,1.825902104377747
-0.2826738655567169,1.906503558158875,0.1844685971736908,1.834624171257019
-0.2768941223621368,1.904690265655518,0.3065052032470703,1.843829393386841
-0.2771275639533997,1.902701735496521,0.4388681650161743,1.853482484817505
-0.2990333139896393,1.900544166564941,0.5787271857261658,1.863545298576355
-0.2798211276531219,1.89822518825531,0.738190233707428,1.873977661132812
-0.2493585497140884,1.895753860473633,0.8956642746925354,1.884737610816956
-0.1919555068016052,1.89314067363739,1.035821437835693,1.895781874656677
-0.1115734204649925,1.890396595001221,1.152135729789734,1.907067060470581
-0.04292444139719009,1.887534022331238,1.253931045532227,1.918549537658691
0.06300760060548782,1.884565591812134,1.374632120132446,1.930186033248901
0.1443154960870743,1.88150417804718,1.474041700363159,1.94193434715271
0.199540764093399,1.878363251686096,1.576866865158081,1.953753232955933
0.2312722206115723,1.875156044960022,1.695085883140564,1.965603113174438
0.2297015190124512,1.871895909309387,1.807255148887634,1.977445960044861
0.2558987736701965,1.868595719337463,1.895565748214722,1.989245891571045
0.2929131984710693,1.865267992019653,1.968394160270691,2.000969171524048
0.333837479352951,1.86192512512207,2.034558057785034,2.012584447860718
0.3582927286624908,1.858578562736511,2.04423713684082,2.024062156677246
0.3995707035064697,1.855239510536194,2.072249889373779,2.035375595092773
0.452033668756485,1.85191810131073,2.080344676971436,2.046500682830811
0.5093410611152649,1.848624229431152,2.079359531402588,2.057415246963501
0.5775611400604248,1.845366835594177,2.114148378372192,2.068099975585938
0.6297924518585205,1.842154026031494,2.131804704666138,2.078537464141846
0.7246511578559875,1.838993191719055,2.173298120498657,2.088712930679321
0.8471329212188721,1.835891246795654,2.225842714309692,2.098613262176514
1.006525635719299,1.832854032516479,2.271591186523438,2.108228206634521
1.186949253082275,1.829886794090271,2.330726861953735,2.117548704147339
1.392527341842651,1.826994180679321,2.408351182937622,2.126568078994751
1.600597739219666,1.824180006980896,2.458688974380493,2.135280847549438
1.819527268409729,1.821447610855103,2.496143817901611,2.143683910369873
2.009406328201294,1.818799614906311,2.553240060806274,2.151774883270264
2.170530796051025,1.816238045692444,2.582304954528809,2.159553050994873
2.275347232818604,1.813764452934265,2.639930725097656,2.167018890380859
2.342687129974365,1.81138014793396,2.697574377059937,2.174174308776855
2.35249400138855,1.809085488319397,2.777931451797485,2.181021690368652
2.339043617248535,1.806880831718445,2.876160383224487,2.187564611434937
2.314747095108032,1.804765939712524,2.975210189819336,2.193807363510132
2.302352428436279,1.802740454673767,3.052342414855957,2.199755191802979
2.303737640380859,1.800803542137146,3.103134632110596,2.205413341522217
2.340214490890503,1.798953890800476,3.098309516906738,2.210788011550903
2.413549184799194,1.797190546989441,3.040932416915894,2.215885639190674
2.510044813156128,1.795511841773987,2.961191415786743,2.220713138580322
2.619590997695923,1.79391610622406,2.834689855575562,2.225277900695801
2.732497692108154,1.792401552200317,2.70612645149231,2.229586839675903
2.820286273956299,1.790966272354126,2.616467714309692,2.233647584915161
2.871505737304688,1.789608240127563,2.550822257995605,2.237467765808105
2.848369598388672,1.788325190544128,2.551764011383057,2.241055011749268
2.815858840942383,1.787115097045898,2.550495862960815,2.244417190551758
2.720537424087524,1.785975575447083,2.582260131835938,2.247561693191528
2.611911296844482,1.784904599189758,2.597986936569214,2.250496387481689
2.491812705993652,1.783899784088135,2.604284286499023,2.253228425979614
2.385687351226807,1.78295886516571,2.575407743453979,2.255765914916992
2.285372257232666,1.782079696655273,2.501441240310669,2.258115530014038
2.213912487030029,1.781259894371033,2.398136377334595,2.260284900665283
2.179973840713501,1.780497312545776,2.292389869689941,2.262280941009521
2.169645071029663,1.779789805412292,2.160171270370483,2.264110803604126
2.185638427734375,1.779135346412659,2.027719020843506,2.265780687332153
2.22780179977417,1.778531670570374,1.897404193878174,2.267297744750977
2.285544395446777,1.777976751327515,1.764774680137634,2.268668174743652
2.370079517364502,1.77746856212616,1.629800319671631,2.269898176193237
2.393352270126343,1.777005434036255,1.536204218864441,2.270993947982788
2.422507762908936,1.776585102081299,1.432064890861511,2.271961212158203
2.405468702316284,1.776206016540527,1.356136083602905,2.27280592918396
2.372249841690063,1.775866270065308,1.293472528457642,2.273533582687378
2.308106660842896,1.775564193725586,1.252579689025879,2.274149656295776
2.27204442024231,1.775297880172729,1.191327095031738,2.274659156799316
2.210647106170654,1.775066018104553,1.139569282531738,2.275067329406738
2.192646980285645,1.774866938591003,1.078143000602722,2.275379180908203
2.203323125839233,1.774698972702026,1.050632119178772,2.275599479675293
2.267912626266479,1.774560809135437,1.006220817565918,2.275732755661011
2.410128116607666,1.774450898170471,0.9737279415130615,2.275783538818359
2.58167839050293,1.774368047714233,0.9813349843025208,2.275756120681763
2.778075695037842,1.774310708045959,0.9983354806900024,2.275654792785645
3.004251956939697,1.774277687072754,1.025529623031616,2.275483846664429
3.213112115859985,1.774267673492432,1.047735571861267,2.275246858596802
3.427118539810181,1.774279475212097,1.066454172134399,2.274948120117188
3.585428953170776,1.774311900138855,1.098227381706238,2.274591207504272
3.717084407806396,1.774363875389099,1.129166483879089,2.274179458618164
3.792731523513794,1.774434328079224,1.19907021522522,2.273716926574707
3.875476360321045,1.774521946907043,1.238075852394104,2.273206472396851
3.966365337371826,1.774626016616821,1.306980013847351,2.272651672363281
4.042308330535889,1.774745225906372,1.368445038795471,2.272055864334106
4.121124744415283,1.774878859519958,1.419227361679077,2.271421670913696
4.186226844787598,1.775025844573975,1.431329488754272,2.270752429962158
4.272534847259521,1.775185346603394,1.407688498497009,2.270051002502441
4.366122245788574,1.775356292724609,1.370721817016602,2.269320249557495
4.41521167755127,1.775537967681885,1.353514671325684,2.26856255531311
4.44728422164917,1.775729537010193,1.352878570556641,2.267780780792236
4.42563533782959,1.775930166244507,1.362580895423889,2.266977310180664
4.391419887542725,1.776139140129089,1.411173701286316,2.266154766082764
4.350945949554443,1.776355743408203,1.514170527458191,2.265315055847168
4.27689266204834,1.776579022407532,1.60615599155426,2.264460802078247
4.179887294769287,1.776808500289917,1.731021761894226,2.263594150543213
4.071857929229736,1.777043461799622,1.802939534187317,2.262716770172119
3.986031532287598,1.777283191680908,1.869903802871704,2.261831045150757
3.933565855026245,1.777527213096619,1.90727174282074,2.26093864440918
3.87494969367981,1.777774691581726,1.938508987426758,2.260041236877441
3.804985284805298,1.778025269508362,1.969622731208801,2.259140968322754
3.709337472915649,1.778278231620789,2.008188724517822,2.258239030838013
3.617184400558472,1.778533101081848,2.060331583023071,2.257337093353271
3.467630624771118,1.778789401054382,2.158095836639404,2.256436586380005
3.316770076751709,1.779046654701233,2.267420053482056,2.255539178848267
3.117238521575928,1.779304385185242,2.387562990188599,2.254645824432373
2.87078332901001,1.77956223487854,2.500077486038208,2.253757953643799
2.651499509811401,1.77981960773468,2.623195648193359,2.252876758575439
2.437437534332275,1.780076265335083,2.7220778465271,2.252002954483032
2.232095241546631,1.78033173084259,2.797130346298218,2.251137971878052
2.031291484832764,1.780585646629333,2.840926647186279,2.250282526016235
1.842518091201782,1.780837893486023,2.891407251358032,2.249437808990479
1.669601440429688,1.7810879945755,2.92841362953186,2.24860405921936
1.523856520652771,1.781335592269897,2.964560508728027,2.247782468795776
1.382394671440125,1.781580567359924,3.042818069458008,2.246973514556885
1.261655688285828,1.781822562217712,3.119592666625977,2.246177673339844
1.144052267074585,1.782061338424683,3.201051235198975,2.24539589881897
1.021556615829468,1.782296895980835,3.280386209487915,2.244628429412842
0.928899884223938,1.782528758049011,3.331681966781616,2.243875741958618
0.8338212966918945,1.782756924629211,3.379739761352539,2.243138074874878
0.7458407878875732,1.782981276512146,3.392554044723511,2.242415904998779
0.6798860430717468,1.783201456069946,3.378310441970825,2.24170970916748
0.6241234540939331,1.783417463302612,3.370236396789551,2.241019248962402
0.5840782523155212,1.783629179000854,3.352331638336182,2.240345239639282
0.5251667499542236,1.783836483955383,3.343883037567139,2.239687442779541
0.4862041175365448,1.784039378166199,3.351414442062378,2.239046096801758
0.4406169950962067,1.784237742424011,3.363253116607666,2.238421201705933
0.4055745899677277,1.784431338310242,3.367326498031616,2.237812995910645
0.3503065407276154,1.784620404243469,3.404667854309082,2.237221479415894
0.3354587852954865,1.784804821014404,3.450987339019775,2.236646175384521
0.3158460557460785,1.784984469413757,3.482297420501709,2.236087560653687
0.3180364072322845,1.785159468650818,3.505622148513794,2.23554539680481
0.3418657183647156,1.785329699516296,3.494095802307129,2.235019207000732
0.3634126484394073,1.785495162010193,3.483948707580566,2.234509229660034
0.4413526356220245,1.785655975341797,3.425137758255005,2.234015226364136
0.5162816643714905,1.785812139511108,3.357450485229492,2.233537197113037
0.5953338146209717,1.785963535308838,3.300496339797974,2.233074426651001
0.6766110062599182,1.786110401153564,3.229827404022217,2.232627153396606
0.7348225116729736,1.786252737045288,3.196319818496704,2.232194900512695
0.8141806721687317,1.786390542984009,3.171067953109741,2.231777429580688
0.8704709410667419,1.786523938179016,3.163847684860229,2.231374502182007
0.9393763542175293,1.78665292263031,3.134082794189453,2.230985879898071
0.9755280613899231,1.786777496337891,3.093110322952271,2.230611324310303
1.025293231010437,1.786897897720337,3.042383432388306,2.230250597000122
1.10526967048645,1.787014007568359,2.979084014892578,2.229903221130371
1.192442893981934,1.787126183509827,2.871674060821533,2.229568719863892
1.286813139915466,1.78723418712616,2.755095243453979,2.229247093200684
1.342303276062012,1.787345886230469,2.671439170837402,2.228934049606323
1.414372324943542,1.787446737289429,2.583096027374268,2.228633642196655
1.498444676399231,1.787543773651123,2.486696004867554,2.228345155715942
1.567783832550049,1.787636995315552,2.414709329605103,2.228068351745605
1.635450839996338,1.787726759910583,2.330305814743042,2.227802991867065
1.66432249546051,1.787812829017639,2.26111364364624,2.227548360824585
1.713837385177612,1.787895560264587,2.159130811691284,2.227304697036743
1.725802063941956,1.787975072860718,2.081843137741089,2.227071285247803
1.756890654563904,1.788051247596741,1.992669820785522,2.226847887039185
1.762909531593323,1.788124203681946,1.892237305641174,2.22663426399231
1.73235821723938,1.788194298744202,1.795597910881042,2.22642993927002
1.706533074378967,1.788261294364929,1.738961338996887,2.226234674453735
1.683453559875488,1.788325428962708,1.67816698551178,2.226048231124878
1.68881094455719,1.788386821746826,1.643860101699829,2.225870132446289
1.696215391159058,1.788445591926575,1.629624962806702,2.225699901580811
1.692536115646362,1.788501739501953,1.637493491172791,2.225537776947021
1.706891775131226,1.788555502891541,1.665560483932495,2.225383043289185
1.718990802764893,1.788606643676758,1.691893935203552,2.2252357006073
1.743805289268494,1.788655638694763,1.690697193145752,2.225095272064209
1.759668946266174,1.788702368736267,1.678558945655823,2.224961280822754
1.784790635108948,1.78874683380127,1.606333136558533,2.224833965301514
1.773045063018799,1.78878927230835,1.533671617507935,2.22471284866333
1.771711945533752,1.788829803466797,1.463331699371338,2.224597454071045
1.775339007377625,1.788868308067322,1.389147758483887,2.224487781524658
1.759600758552551,1.788905024528503,1.340018630027771,2.224383592605591
1.741012334823608,1.788939952850342,1.303325295448303,2.224284648895264
1.699471235275269,1.788973093032837,1.26395857334137,2.224190711975098
1.664636135101318,1.789004802703857,1.235680937767029,2.224101543426514
1.65208911895752,1.789034843444824,1.179584860801697,2.224016666412354
1.62926197052002,1.789063334465027,1.094367504119873,2.223936557769775
1.608266830444336,1.789090514183044,0.9917851686477661,2.223860263824463
1.585311651229858,1.789116263389587,0.8700041174888611,2.223788022994995
1.553812026977539,1.789140701293945,0.775221586227417,2.223719596862793
1.537082076072693,1.789163827896118,0.695179283618927,2.223654747009277
1.493987798690796,1.789185881614685,0.6321104168891907,2.223593473434448
1.45202648639679,1.789206624031067,0.5841965079307556,2.223535299301147
1.387815594673157,1.789226412773132,0.5634152889251709,2.223480463027954
1.324643611907959,1.789245128631592,0.5649744868278503,2.22342848777771
1.280236482620239,1.789262890815735,0.5669242739677429,2.223379373550415
1.230313420295715,1.789279580116272,0.5724826455116272,2.22333288192749
1.181390285491943,1.789295434951782,0.5933417677879333,2.223289012908936
1.124576568603516,1.789310574531555,0.6197001934051514,2.223247528076172
1.104476928710938,1.789324760437012,0.6186907887458801,2.223208427429199
1.129908919334412,1.789338111877441,0.6045302152633667,2.223171472549438
1.150702714920044,1.789350867271423,0.580411434173584,2.22313666343689
1.210644602775574,1.789362788200378,0.5069757699966431,2.223103761672974
1.266535758972168,1.789374113082886,0.4423442482948303,2.22307276725769
1.342697501182556,1.789384841918945,0.3753641545772552,2.223043441772461
1.428774356842041,1.789394855499268,0.3246094584465027,2.223015785217285
1.485071063041687,1.789404392242432,0.3176131248474121,2.222990036010742
1.536226630210876,1.789413332939148,0.336719810962677,2.222965478897095
1.550409913063049,1.789421796798706,0.4142594337463379,2.222942352294922
1.579293131828308,1.789429783821106,0.4969913363456726,2.222920894622803
1.634173393249512,1.789437294006348,0.572118878364563,2.222900390625
1.683471322059631,1.789444327354431,0.6383346319198608,2.222881317138672
1.748726725578308,1.789451003074646,0.6865617036819458,2.22286319732666
1.80140745639801,1.789457201957703,0.7076543569564819,2.222846269607544
1.895167469978333,1.78946316242218,0.6750866770744324,2.222830295562744
2.015025854110718,1.7894686460495,0.6285292506217957,2.222815275192261
2.122537136077881,1.78947389125824,0.5511218905448914,2.222801208496094
2.248356580734253,1.789478778839111,0.4616912603378296,2.222788095474243
2.342617988586426,1.789483428001404,0.3854226171970367,2.22277569770813
2.463428020477295,1.789487719535828,0.2891032695770264,2.222764015197754
2.578557968139648,1.789491891860962,0.2421696782112122,2.222753047943115
2.66928243637085,1.789495706558228,0.1936512291431427,2.222743034362793
2.726677894592285,1.789499282836914,0.1815442740917206,2.22273325920105
2.733046770095825,1.789502620697021,0.2123215347528458,2.222724437713623
2.728762626647949,1.789505839347839,0.2768597900867462,2.222715854644775
2.678235530853271,1.789508700370789,0.3584392666816711,2.222707986831665
2.637085437774658,1.789511561393738,0.4369916021823883,2.222700595855713
2.542607307434082,1.789514064788818,0.5541637539863586,2.222693681716919
2.435081958770752,1.789516568183899,0.6110655069351196,2.222687244415283
2.345410585403442,1.7895188331604,0.6624824404716492,2.222681045532227
2.254761457443237,1.789520978927612,0.6719886660575867,2.222675323486328
2.175074100494385,1.789523005485535,0.6316279768943787,2.222670078277588
2.103697299957275,1.789524912834167,0.5863194465637207,2.222665071487427
1.985321998596191,1.789526581764221,0.5310357213020325,2.222660541534424
1.873186349868774,1.789528250694275,0.5063076615333557,2.222656011581421
1.750273466110229,1.789536356925964,0.4758956432342529,2.222651958465576
1.608907461166382,1.789536356925964,0.4592197239398956,2.222651958465576
1.444238781929016,1.789536356925964,0.4793345630168915,2.222651958465576
1.307693719863892,1.789536356925964,0.4985146522521973,2.222651958465576
1.13971221446991,1.789536356925964,0.5312199592590332,2.222651958465576
1.003464341163635,1.789536356925964,0.5395213961601257,2.222651958465576
0.8582642674446106,1.789536356925964,0.5945062637329102,2.222651958465576
0.7425573468208313,1.789536356925964,0.6010951399803162,2.222651958465576
0.6198780536651611,1.789536356925964,0.6355634331703186,2.222651958465576
0.4957282841205597,1.789536356925964,0.6379500031471252,2.222651958465576
0.3786575496196747,1.789536356925964,0.5902318954467773,2.222651958465576
0.2807978987693787,1.789536356925964,0.5219110250473022,2.222651958465576
0.1830113977193832,1.789536356925964,0.4430411458015442,2.222651958465576
0.09911957383155823,1.789536356925964,0.3560560643672943,2.222651958465576
0.04176915064454079,1.789536356925964,0.2563206553459167,2.222651958465576
-0.009858304634690285,1.789536356925964,0.1898334175348282,2.222651958465576
-0.06737694144248962,1.789536356925964,0.1643301993608475,2.222651958465576
-0.100543424487114,1.789536356925964,0.1574080735445023,2.222651958465576
-0.1332522183656693,1.789536356925964,0.1779650449752808,2.222651958465576
-0.1616811007261276,1.789536356925964,0.1762150973081589,2.222651958465576
-0.2054173201322556,1.789536356925964,0.1858942061662674,2.222651958465576
-0.2269242852926254,1.789536356925964,0.1584051847457886,2.222651958465576
-0.2605404555797577,1.789536356925964,0.1511251777410507,2.222651958465576
-0.3110127747058868,1.789536356925964,0.149634525179863,2.222651958465576
-0.3502071499824524,1.789536356925964,0.1303700804710388,2.222651958465576
-0.4108553230762482,1.789536356925964,0.1388729810714722,2.222651958465576
-0.4507333934307098,1.789536356925964,0.1899821758270264,2.222651958465576
-0.4899494051933289,1.789536356925964,0.2627558708190918,2.222651958465576
-0.4954673647880554,1.789536356925964,0.3045651018619537,2.222651958465576
-0.4912136793136597,1.789536356925964,0.3492304682731628,2.222651958465576
-0.4675009846687317,1.789536356925964,0.3610103130340576,2.222651958465576
-0.4007472395896912,1.789536356925964,0.3244312405586243,2.222651958465576
-0.3213116526603699,1.789536356925964,0.2561647295951843,2.222651958465576
-0.2256062030792236,1.789536356925964,0.1404196172952652,2.222651958465576
-0.1417324244976044,1.789536356925964,-0.003750404343008995,2.222651958465576
-0.04564222693443298,1.789536356925964,-0.1533948183059692,2.222651958465576
0.04901129007339478,1.789536356925964,-0.2969011962413788,2.222651958465576
0.1356338709592819,1.789536356925964,-0.3641932904720306,2.222651958465576
0.2248737961053848,1.789536356925964,-0.4055046439170837,2.222651958465576
0.2765871286392212,1.789536356925964,-0.3705340921878815,2.222651958465576
0.3583135604858398,1.789536356925964,-0.3037011027336121,2.222651958465576
0.4139852821826935,1.789536356925964,-0.180898517370224,2.222651958465576
0.4869692027568817,1.789536356925964,-0.07302453368902206,2.222651958465576
0.5622774362564087,1.789536356925964,0.03858045861124992,2.222651958465576
0.6159167289733887,1.789536356925964,0.1255563646554947,2.222651958465576
0.7047977447509766,1.789536356925964,0.1767201870679855,2.222651958465576
0.7840001583099365,1.789536356925964,0.2046622782945633,2.222651958465576
0.8575388193130493,1.789536356925964,0.2197529971599579,2.222651958465576
0.9152455925941467,1.789536356925964,0.2535745203495026,2.222651958465576
0.9653084278106689,1.789536356925964,0.2977838516235352,2.222651958465576
1.024581074714661,1.789536356925964,0.3319027125835419,2.222651958465576
1.074031591415405,1.789536356925964,0.4014257490634918,2.222651958465576
1.124016284942627,1.789536356925964,0.4591909050941467,2.222651958465576
1.153561234474182,1.789536356925964,0.5450553894042969,2.222651958465576
1.221572279930115,1.789536356925964,0.6020324230194092,2.222651958465576
1.286004781723022,1.789536356925964,0.6628761887550354,2.222651958465576
1.37685751914978,1.789536356925964,0.7099032402038574,2.222651958465576
1.477314829826355,1.789536356925964,0.7459763288497925,2.222651958465576
1.555175304412842,1.789536356925964,0.7917165756225586,2.222651958465576
1.645013689994812,1.789536356925964,0.8168805837631226,2.222651958465576
1.746596932411194,1.789536356925964,0.8316083550453186,2.222651958465576
1.82288932800293,1.789536356925964,0.8352164626121521,2.222651958465576
1.85180139541626,1.789536356925964,0.8725131750106812,2.222651958465576
1.845511198043823,1.789536356925964,0.9100289344787598,2.222651958465576
1.836673378944397,1.789536356925964,0.944543182849884,2.222651958465576
1.803660869598389,1.789536356925964,1.005887150764465,2.222651958465576
1.787126541137695,1.789535522460938,1.082288861274719,2.222651958465576
1.742750644683838,1.789530515670776,1.147153377532959,2.222651958465576
1.691610217094421,1.789511680603027,1.249411463737488,2.222652435302734
1.644916772842407,1.789461255073547,1.328750371932983,2.222653388977051
1.619528770446777,1.789350867271423,1.379785776138306,2.222655773162842
1.600200414657593,1.789141058921814,1.417476773262024,2.222660064697266
1.57413649559021,1.788780927658081,1.454689264297485,2.222667694091797
1.555775046348572,1.788210034370422,1.491851568222046,2.222679376602173
1.543859243392944,1.787359237670898,1.513343214988708,2.222697019577026
1.553149580955505,1.786153793334961,1.555023670196533,2.222722053527832
1.563371300697327,1.784515142440796,1.62948203086853,2.222756147384644
1.564455509185791,1.782363653182983,1.730558633804321,2.222800731658936
1.565388560295105,1.779621720314026,1.845311045646667,2.222857713699341
1.521750926971436,1.776215434074402,1.975560307502747,2.222928285598755
1.503135442733765,1.772076964378357,2.133758306503296,2.223014116287231
1.470880150794983,1.767146348953247,2.244129657745361,2.223116397857666
1.429562449455261,1.761373043060303,2.373022079467773,2.223236322402954
1.408751249313354,1.754716634750366,2.469116926193237,2.223374366760254
1.404450297355652,1.747147798538208,2.530916929244995,2.223531484603882
1.411945462226868,1.738648414611816,2.553470134735107,2.223707675933838
1.441124439239502,1.729211807250977,2.533460855484009,2.223903656005859
1.473726272583008,1.718842387199402,2.510450601577759,2.224118709564209
1.489526033401489,1.707555413246155,2.465768098831177,2.224352836608887
1.490997910499573,1.695375800132751,2.416717052459717,2.224605560302734
1.473662972450256,1.682337880134583,2.399698734283447,2.224876165390015
1.423691749572754,1.668483972549438,2.412884473800659,2.225163698196411
1.391944289207458,1.653863787651062,2.426682472229004,2.225466966629028
1.308950781822205,1.638533115386963,2.432127952575684,2.22578501701355
1.235841631889343,1.622552752494812,2.43162202835083,2.22611665725708
1.165576100349426,1.605987548828125,2.386100292205811,2.226460218429565
1.093920588493347,1.588905215263367,2.313603162765503,2.226814746856689
1.049227952957153,1.571375608444214,2.180390357971191,2.227178573608398
1.007908701896667,1.553469300270081,2.011159420013428,2.227550029754639
0.9333931803703308,1.535257458686829,1.829888343811035,2.227927923202515
0.8863658308982849,1.516810178756714,1.638504981994629,2.228310585021973
0.8240370154380798,1.498196721076965,1.476692676544189,2.228696823120117
0.7406265139579773,1.479484081268311,1.371012091636658,2.229085206985474
0.6796094179153442,1.460736870765686,1.275938749313354,2.229474067687988
0.6061397790908813,1.442016839981079,1.236210823059082,2.229862451553345
0.5226540565490723,1.423382520675659,1.228707909584045,2.230249166488647
0.4724552035331726,1.404888987541199,1.250937461853027,2.230632781982422
0.4267136752605438,1.386587262153625,1.238086462020874,2.231012582778931
0.4257476031780243,1.368524670600891,1.224286675453186,2.231387376785278
0.4400967657566071,1.350744605064392,1.17751944065094,2.231756448745728
0.4674212336540222,1.333286166191101,1.107632160186768,2.232118606567383
0.4910094738006592,1.316184520721436,1.082148194313049,2.232473373413086
0.5062340497970581,1.299471020698547,1.05903422832489,2.232820272445679
0.5277199149131775,1.283172965049744,1.089003205299377,2.233158349990845
0.5283274054527283,1.267314076423645,1.155324220657349,2.233487367630005
0.5345009565353394,1.251914143562317,1.259360551834106,2.233806848526001
0.5251526832580566,1.236989855766296,1.368952870368958,2.234116554260254
0.5511391758918762,1.222554445266724,1.436633586883545,2.234416246414185
0.6138302683830261,1.20861828327179,1.490577220916748,2.234705209732056
0.7028866410255432,1.195188641548157,1.47301173210144,2.234983921051025
0.8170262575149536,1.182270288467407,1.45810079574585,2.235251903533936
0.9260493516921997,1.169865489006042,1.392850041389465,2.235509395599365
1.047678232192993,1.157974362373352,1.334159135818481,2.235756158828735
1.181405901908875,1.146595001220703,1.281072735786438,2.235992193222046
1.305636167526245,1.13572371006012,1.22924268245697,2.236217737197876
1.426159620285034,1.125355005264282,1.21425449848175,2.236433029174805
1.528192281723022,1.115482211112976,1.20539402961731,2.236637830734253
1.639853835105896,1.106097221374512,1.201642632484436,2.2368323802948
1.722810029983521,1.097190856933594,1.162084341049194,2.237017393112183
1.776534080505371,1.0887531042099,1.101964473724365,2.237192392349243
1.804969549179077,1.080773234367371,1.02720844745636,2.23735785484314
1.79108202457428,1.07323956489563,0.9172706604003906,2.23751425743103
1.764383912086487,1.066140174865723,0.8055335879325867,2.237661600112915
1.715912222862244,1.059462666511536,0.7021929621696472,2.237800121307373
1.699723482131958,1.053194403648376,0.6452720761299133,2.237930059432983