CROSS-CORRELATION RESULTS

Correlations for oxy-Hb
S1-D1:      1.000     0.909     0.941     0.878     0.744     0.840     0.613     0.644     0.625     0.735     0.850     0.475     0.485     0.788     0.803     0.582     0.884     0.738     0.789     0.580     0.848     0.862     0.574     0.826     0.796     0.641    -0.305     0.386     0.790     0.811     0.799     0.738     0.279     0.820     0.794     0.511     0.752     0.664     0.691     0.736     0.636     0.748     0.815     0.490     0.574     0.789     0.817     0.817     0.891     0.809     0.737  
S1-D2:      0.909     1.000     0.857     0.929     0.785     0.936     0.565     0.610     0.603     0.845     0.854     0.469     0.521     0.731     0.795     0.598     0.928     0.765     0.775     0.565     0.910     0.878     0.558     0.811     0.797     0.638    -0.262     0.424     0.873     0.846     0.777     0.787     0.352     0.883     0.816     0.566     0.637     0.623     0.623     0.808     0.683     0.816     0.852     0.539     0.563     0.793     0.818     0.814     0.894     0.854     0.739  
S1-D3:      0.941     0.857     1.000     0.889     0.764     0.875     0.458     0.481     0.445     0.675     0.748     0.512     0.453     0.662     0.701     0.464     0.815     0.597     0.715     0.478     0.764     0.852     0.604     0.893     0.879     0.710    -0.173     0.348     0.824     0.798     0.740     0.715     0.325     0.826     0.821     0.451     0.617     0.564     0.637     0.617     0.579     0.596     0.763     0.370     0.530     0.770     0.832     0.746     0.880     0.841     0.821  
S2-D2:      0.878     0.929     0.889     1.000     0.891     0.966     0.396     0.440     0.481     0.844     0.766     0.613     0.520     0.645     0.773     0.567     0.881     0.619     0.723     0.654     0.875     0.924     0.687     0.916     0.898     0.785    -0.059     0.500     0.898     0.896     0.810     0.733     0.533     0.941     0.853     0.609     0.568     0.602     0.642     0.710     0.705     0.769     0.856     0.550     0.693     0.856     0.898     0.824     0.925     0.911     0.861  
S2-D4:      0.744     0.785     0.764     0.891     1.000     0.864     0.217     0.288     0.398     0.827     0.684     0.782     0.713     0.583     0.769     0.702     0.810     0.464     0.544     0.785     0.733     0.788     0.705     0.825     0.830     0.768     0.142     0.783     0.810     0.932     0.878     0.794     0.689     0.942     0.887     0.823     0.488     0.601     0.514     0.731     0.864     0.697     0.841     0.751     0.850     0.876     0.884     0.673     0.846     0.905     0.833  
S2-D9:      0.840     0.936     0.875     0.966     0.864     1.000     0.374     0.403     0.422     0.798     0.720     0.521     0.492     0.606     0.737     0.515     0.866     0.601     0.655     0.521     0.831     0.869     0.587     0.901     0.904     0.707    -0.105     0.428     0.938     0.896     0.780     0.764     0.463     0.931     0.849     0.564     0.494     0.508     0.538     0.696     0.667     0.722     0.824     0.501     0.583     0.820     0.875     0.752     0.894     0.907     0.856  
S3-D1:      0.613     0.565     0.458     0.396     0.217     0.374     1.000     0.957     0.802     0.477     0.768    -0.056     0.185     0.715     0.559     0.451     0.632     0.900     0.793     0.157     0.661     0.559    -0.032     0.319     0.301    -0.074    -0.799     0.059     0.361     0.275     0.242     0.425    -0.365     0.338     0.380     0.110     0.783     0.736     0.752     0.655     0.446     0.623     0.637     0.395     0.061     0.535     0.490     0.601     0.595     0.425     0.293  
S3-D3:      0.644     0.610     0.481     0.440     0.288     0.403     0.957     1.000     0.865     0.589     0.851     0.097     0.379     0.836     0.641     0.606     0.709     0.878     0.786     0.300     0.682     0.590     0.103     0.358     0.338     0.001    -0.733     0.189     0.390     0.312     0.281     0.402    -0.287     0.388     0.403     0.216     0.733     0.710     0.718     0.720     0.529     0.660     0.686     0.454     0.174     0.562     0.513     0.571     0.618     0.442     0.310  
S3-D5:      0.625     0.603     0.445     0.481     0.398     0.422     0.802     0.865     1.000     0.591     0.762     0.165     0.431     0.893     0.797     0.749     0.750     0.807     0.655     0.409     0.681     0.532     0.117     0.431     0.404     0.149    -0.670     0.351     0.355     0.437     0.446     0.459     0.000     0.482     0.505     0.487     0.806     0.758     0.765     0.834     0.656     0.791     0.708     0.613     0.349     0.623     0.526     0.640     0.640     0.494     0.369  
S4-D2:      0.735     0.845     0.675     0.844     0.827     0.798     0.477     0.589     0.591     1.000     0.885     0.696     0.766     0.719     0.754     0.812     0.860     0.623     0.676     0.739     0.821     0.806     0.583     0.713     0.715     0.576    -0.112     0.634     0.700     0.725     0.674     0.630     0.506     0.861     0.720     0.713     0.519     0.653     0.568     0.820     0.827     0.770     0.848     0.737     0.667     0.778     0.775     0.642     0.807     0.812     0.678  
S4-D3:      0.850     0.854     0.748     0.766     0.684     0.720     0.768     0.851     0.762     0.885     1.000     0.500     0.666     0.866     0.792     0.781     0.907     0.842     0.847     0.638     0.864     0.832     0.492     0.655     0.643     0.424    -0.406     0.510     0.676     0.649     0.613     0.643     0.151     0.748     0.690     0.544     0.718     0.761     0.710     0.846     0.772     0.774     0.888     0.659     0.546     0.794     0.776     0.715     0.846     0.746     0.599  
S4-D4:      0.475     0.469     0.512     0.613     0.782     0.521    -0.056     0.097     0.165     0.696     0.500     1.000     0.831     0.409     0.522     0.639     0.533     0.136     0.301     0.836     0.417     0.535     0.807     0.577     0.565     0.722     0.505     0.789     0.460     0.590     0.584     0.410     0.722     0.623     0.552     0.675     0.132     0.303     0.248     0.405     0.667     0.354     0.550     0.565     0.833     0.543     0.566     0.303     0.486     0.579     0.556  
S4-D6:      0.485     0.521     0.453     0.520     0.713     0.492     0.185     0.379     0.431     0.766     0.666     0.831     1.000     0.641     0.616     0.864     0.642     0.303     0.285     0.728     0.423     0.447     0.567     0.452     0.460     0.433     0.153     0.786     0.404     0.524     0.510     0.426     0.477     0.593     0.515     0.727     0.206     0.357     0.258     0.627     0.800     0.456     0.627     0.701     0.689     0.549     0.515     0.232     0.487     0.529     0.418  
S5-D3:      0.788     0.731     0.662     0.645     0.583     0.606     0.715     0.836     0.893     0.719     0.866     0.409     0.641     1.000     0.904     0.834     0.883     0.774     0.701     0.543     0.747     0.683     0.366     0.640     0.623     0.358    -0.500     0.453     0.565     0.604     0.579     0.539     0.126     0.651     0.650     0.568     0.723     0.673     0.712     0.833     0.719     0.783     0.805     0.596     0.487     0.734     0.686     0.652     0.739     0.632     0.555  
S5-D5:      0.803     0.795     0.701     0.773     0.769     0.737     0.559     0.641     0.797     0.754     0.792     0.522     0.616     0.904     1.000     0.834     0.940     0.758     0.714     0.674     0.848     0.769     0.497     0.779     0.757     0.583    -0.291     0.628     0.706     0.806     0.776     0.715     0.415     0.810     0.824     0.761     0.746     0.732     0.735     0.879     0.823     0.895     0.891     0.724     0.695     0.876     0.830     0.801     0.825     0.802     0.724  
S5-D6:      0.582     0.598     0.464     0.567     0.702     0.515     0.451     0.606     0.749     0.812     0.781     0.639     0.864     0.834     0.834     1.000     0.785     0.553     0.473     0.726     0.620     0.529     0.405     0.509     0.507     0.374    -0.196     0.758     0.414     0.582     0.597     0.518     0.427     0.667     0.609     0.832     0.553     0.646     0.530     0.852     0.906     0.725     0.778     0.868     0.680     0.714     0.622     0.486     0.627     0.619     0.469  
S5-D7:      0.884     0.928     0.815     0.881     0.810     0.866     0.632     0.709     0.750     0.860     0.907     0.533     0.642     0.883     0.940     0.785     1.000     0.829     0.812     0.657     0.931     0.885     0.571     0.832     0.813     0.610    -0.301     0.575     0.828     0.825     0.752     0.746     0.343     0.870     0.837     0.668     0.706     0.720     0.732     0.885     0.821     0.887     0.951     0.676     0.660     0.899     0.886     0.831     0.913     0.874     0.769  
S6-D5:      0.738     0.765     0.597     0.619     0.464     0.601     0.900     0.878     0.807     0.623     0.842     0.136     0.303     0.774     0.758     0.553     0.829     1.000     0.908     0.391     0.872     0.758     0.248     0.531     0.503     0.244    -0.605     0.312     0.624     0.551     0.496     0.646    -0.092     0.573     0.620     0.349     0.814     0.799     0.811     0.788     0.608     0.811     0.821     0.529     0.355     0.738     0.700     0.809     0.765     0.634     0.490  
S6-D7:      0.789     0.775     0.715     0.723     0.544     0.655     0.793     0.786     0.655     0.676     0.847     0.301     0.285     0.701     0.714     0.473     0.812     0.908     1.000     0.505     0.910     0.900     0.473     0.669     0.638     0.447    -0.406     0.341     0.714     0.601     0.538     0.638     0.039     0.646     0.686     0.323     0.774     0.809     0.834     0.691     0.557     0.745     0.827     0.439     0.452     0.783     0.798     0.857     0.835     0.727     0.648  
S7-D6:      0.580     0.565     0.478     0.654     0.785     0.521     0.157     0.300     0.409     0.739     0.638     0.836     0.728     0.543     0.674     0.726     0.657     0.391     0.505     1.000     0.628     0.655     0.834     0.550     0.509     0.705     0.293     0.871     0.529     0.684     0.725     0.506     0.634     0.675     0.598     0.758     0.395     0.530     0.396     0.592     0.744     0.626     0.692     0.721     0.951     0.682     0.661     0.548     0.620     0.623     0.534  
S7-D7:      0.848     0.910     0.764     0.875     0.733     0.831     0.661     0.682     0.681     0.821     0.864     0.417     0.423     0.747     0.848     0.620     0.931     0.872     0.910     0.628     1.000     0.936     0.560     0.791     0.764     0.628    -0.309     0.479     0.831     0.785     0.718     0.731     0.321     0.840     0.804     0.567     0.750     0.779     0.782     0.820     0.701     0.910     0.908     0.595     0.613     0.872     0.873     0.929     0.905     0.854     0.746  
S7-D8:      0.862     0.878     0.852     0.924     0.788     0.869     0.559     0.590     0.532     0.806     0.832     0.535     0.447     0.683     0.769     0.529     0.885     0.758     0.900     0.655     0.936     1.000     0.701     0.880     0.856     0.707    -0.150     0.482     0.897     0.807     0.707     0.693     0.338     0.858     0.821     0.486     0.636     0.698     0.742     0.692     0.654     0.778     0.891     0.490     0.648     0.881     0.932     0.871     0.937     0.892     0.858  
S7-D14:      0.574     0.558     0.604     0.687     0.705     0.587    -0.032     0.103     0.117     0.583     0.492     0.807     0.567     0.366     0.497     0.405     0.571     0.248     0.473     0.834     0.560     0.701     1.000     0.654     0.604     0.865     0.495     0.654     0.647     0.633     0.597     0.383     0.572     0.611     0.548     0.472     0.146     0.248     0.266     0.311     0.470     0.416     0.562     0.319     0.838     0.562     0.632     0.495     0.572     0.596     0.612  
S8-D7:      0.826     0.811     0.893     0.916     0.825     0.901     0.319     0.358     0.431     0.713     0.655     0.577     0.452     0.640     0.779     0.509     0.832     0.531     0.669     0.550     0.791     0.880     0.654     1.000     0.989     0.794    -0.045     0.434     0.873     0.841     0.747     0.659     0.520     0.882     0.836     0.544     0.531     0.524     0.614     0.612     0.611     0.678     0.784     0.424     0.618     0.823     0.893     0.755     0.881     0.916     0.956  
S8-D8:      0.796     0.797     0.879     0.898     0.830     0.904     0.301     0.338     0.404     0.715     0.643     0.565     0.460     0.623     0.757     0.507     0.813     0.503     0.638     0.509     0.764     0.856     0.604     0.989     1.000     0.760    -0.061     0.427     0.880     0.847     0.746     0.688     0.519     0.897     0.857     0.559     0.510     0.514     0.578     0.614     0.611     0.643     0.768     0.426     0.576     0.817     0.887     0.712     0.869     0.915     0.960  
S9-D4:      0.641     0.638     0.710     0.785     0.768     0.707    -0.074     0.001     0.149     0.576     0.424     0.722     0.433     0.358     0.583     0.374     0.610     0.244     0.447     0.705     0.628     0.707     0.865     0.794     0.760     1.000     0.406     0.557     0.695     0.761     0.738     0.533     0.775     0.756     0.708     0.600     0.304     0.334     0.382     0.386     0.471     0.509     0.551     0.317     0.781     0.606     0.664     0.637     0.628     0.701     0.726  
S9-D6:     -0.305    -0.262    -0.173    -0.059     0.142    -0.105    -0.799    -0.733    -0.670    -0.112    -0.406     0.505     0.153    -0.500    -0.291    -0.196    -0.301    -0.605    -0.406     0.293    -0.309    -0.150     0.495    -0.045    -0.061     0.406     1.000     0.313    -0.073    -0.001     0.006    -0.186     0.562    -0.059    -0.113     0.096    -0.608    -0.448    -0.468    -0.438    -0.112    -0.355    -0.261    -0.128     0.363    -0.199    -0.138    -0.297    -0.287    -0.101    -0.016  
S9-D12:      0.386     0.424     0.348     0.500     0.783     0.428     0.059     0.189     0.351     0.634     0.510     0.789     0.786     0.453     0.628     0.758     0.575     0.312     0.341     0.871     0.479     0.482     0.654     0.434     0.427     0.557     0.313     1.000     0.447     0.645     0.664     0.579     0.620     0.615     0.634     0.853     0.315     0.528     0.331     0.627     0.842     0.530     0.663     0.822     0.907     0.677     0.620     0.407     0.535     0.599     0.483  
S9-D14:      0.790     0.873     0.824     0.898     0.810     0.938     0.361     0.390     0.355     0.700     0.676     0.460     0.404     0.565     0.706     0.414     0.828     0.624     0.714     0.529     0.831     0.897     0.647     0.873     0.880     0.695    -0.073     0.447     1.000     0.891     0.762     0.772     0.354     0.874     0.849     0.482     0.459     0.485     0.494     0.628     0.580     0.681     0.801     0.409     0.583     0.819     0.898     0.748     0.875     0.878     0.864  
S10-D9:      0.811     0.846     0.798     0.896     0.932     0.896     0.275     0.312     0.437     0.725     0.649     0.590     0.524     0.604     0.806     0.582     0.825     0.551     0.601     0.684     0.785     0.807     0.633     0.841     0.847     0.761    -0.001     0.645     0.891     1.000     0.956     0.890     0.599     0.948     0.940     0.764     0.587     0.605     0.532     0.743     0.744     0.753     0.811     0.636     0.759     0.863     0.881     0.773     0.865     0.890     0.835  
S10-D10:      0.799     0.777     0.740     0.810     0.878     0.780     0.242     0.281     0.446     0.674     0.613     0.584     0.510     0.579     0.776     0.597     0.752     0.496     0.538     0.725     0.718     0.707     0.597     0.747     0.746     0.738     0.006     0.664     0.762     0.956     1.000     0.879     0.634     0.885     0.880     0.808     0.643     0.623     0.482     0.733     0.716     0.718     0.725     0.667     0.777     0.779     0.780     0.728     0.792     0.804     0.721  
S10-D11:      0.738     0.787     0.715     0.733     0.794     0.764     0.425     0.402     0.459     0.630     0.643     0.410     0.426     0.539     0.715     0.518     0.746     0.646     0.638     0.506     0.731     0.693     0.383     0.659     0.688     0.533    -0.186     0.579     0.772     0.890     0.879     1.000     0.400     0.828     0.917     0.697     0.692     0.720     0.561     0.786     0.715     0.674     0.753     0.644     0.575     0.789     0.782     0.719     0.796     0.816     0.694  
S11-D4:      0.279     0.352     0.325     0.533     0.689     0.463    -0.365    -0.287     0.000     0.506     0.151     0.722     0.477     0.126     0.415     0.427     0.343    -0.092     0.039     0.634     0.321     0.338     0.572     0.520     0.519     0.775     0.562     0.620     0.354     0.599     0.634     0.400     1.000     0.629     0.527     0.763     0.099     0.212     0.134     0.323     0.486     0.377     0.323     0.470     0.709     0.400     0.399     0.332     0.333     0.514     0.504  
S11-D9:      0.820     0.883     0.826     0.941     0.942     0.931     0.338     0.388     0.482     0.861     0.748     0.623     0.593     0.651     0.810     0.667     0.870     0.573     0.646     0.675     0.840     0.858     0.611     0.882     0.897     0.756    -0.059     0.615     0.874     0.948     0.885     0.828     0.629     1.000     0.929     0.780     0.596     0.655     0.596     0.790     0.790     0.786     0.856     0.668     0.714     0.886     0.901     0.781     0.901     0.936     0.868  
S11-D11:      0.794     0.816     0.821     0.853     0.887     0.849     0.380     0.403     0.505     0.720     0.690     0.552     0.515     0.650     0.824     0.609     0.837     0.620     0.686     0.598     0.804     0.821     0.548     0.836     0.857     0.708    -0.113     0.634     0.849     0.940     0.880     0.917     0.527     0.929     1.000     0.761     0.671     0.732     0.678     0.796     0.771     0.744     0.846     0.631     0.682     0.902     0.905     0.805     0.884     0.912     0.861  
S11-D12:      0.511     0.566     0.451     0.609     0.823     0.564     0.110     0.216     0.487     0.713     0.544     0.675     0.727     0.568     0.761     0.832     0.668     0.349     0.323     0.758     0.567     0.486     0.472     0.544     0.559     0.600     0.096     0.853     0.482     0.764     0.808     0.697     0.763     0.780     0.761     1.000     0.493     0.607     0.424     0.780     0.861     0.685     0.679     0.855     0.803     0.711     0.630     0.534     0.597     0.677     0.548  
S12-D10:      0.752     0.637     0.617     0.568     0.488     0.494     0.783     0.733     0.806     0.519     0.718     0.132     0.206     0.723     0.746     0.553     0.706     0.814     0.774     0.395     0.750     0.636     0.146     0.531     0.510     0.304    -0.608     0.315     0.459     0.587     0.643     0.692     0.099     0.596     0.671     0.493     1.000     0.915     0.855     0.775     0.605     0.761     0.707     0.581     0.380     0.713     0.644     0.817     0.739     0.622     0.498  
S12-D11:      0.664     0.623     0.564     0.602     0.601     0.508     0.736     0.710     0.758     0.653     0.761     0.303     0.357     0.673     0.732     0.646     0.720     0.799     0.809     0.530     0.779     0.698     0.248     0.524     0.514     0.334    -0.448     0.528     0.485     0.605     0.623     0.720     0.212     0.655     0.732     0.607     0.915     1.000     0.891     0.835     0.756     0.779     0.803     0.728     0.513     0.804     0.729     0.809     0.777     0.703     0.558  
S12-D13:      0.691     0.623     0.637     0.642     0.514     0.538     0.752     0.718     0.765     0.568     0.710     0.248     0.258     0.712     0.735     0.530     0.732     0.811     0.834     0.396     0.782     0.742     0.266     0.614     0.578     0.382    -0.468     0.331     0.494     0.532     0.482     0.561     0.134     0.596     0.678     0.424     0.855     0.891     1.000     0.709     0.624     0.757     0.777     0.510     0.418     0.773     0.717     0.853     0.762     0.660     0.598  
S13-D11:      0.736     0.808     0.617     0.710     0.731     0.696     0.655     0.720     0.834     0.820     0.846     0.405     0.627     0.833     0.879     0.852     0.885     0.788     0.691     0.592     0.820     0.692     0.311     0.612     0.614     0.386    -0.438     0.627     0.628     0.743     0.733     0.786     0.323     0.790     0.796     0.780     0.775     0.835     0.709     1.000     0.879     0.891     0.877     0.828     0.580     0.824     0.754     0.740     0.818     0.782     0.606  
S13-D12:      0.636     0.683     0.579     0.705     0.864     0.667     0.446     0.529     0.656     0.827     0.772     0.667     0.800     0.719     0.823     0.906     0.821     0.608     0.557     0.744     0.701     0.654     0.470     0.611     0.611     0.471    -0.112     0.842     0.580     0.744     0.716     0.715     0.486     0.790     0.771     0.861     0.605     0.756     0.624     0.879     1.000     0.759     0.891     0.940     0.777     0.868     0.791     0.621     0.775     0.790     0.626  
S13-D13:      0.748     0.816     0.596     0.769     0.697     0.722     0.623     0.660     0.791     0.770     0.774     0.354     0.456     0.783     0.895     0.725     0.887     0.811     0.745     0.626     0.910     0.778     0.416     0.678     0.643     0.509    -0.355     0.530     0.681     0.753     0.718     0.674     0.377     0.786     0.744     0.685     0.761     0.779     0.757     0.891     0.759     1.000     0.863     0.711     0.619     0.826     0.772     0.883     0.810     0.775     0.644  
S13-D15:      0.815     0.852     0.763     0.856     0.841     0.824     0.637     0.686     0.708     0.848     0.888     0.550     0.627     0.805     0.891     0.778     0.951     0.821     0.827     0.692     0.908     0.891     0.562     0.784     0.768     0.551    -0.261     0.663     0.801     0.811     0.725     0.753     0.323     0.856     0.846     0.679     0.707     0.803     0.777     0.877     0.891     0.863     1.000     0.773     0.714     0.970     0.941     0.839     0.937     0.893     0.777  
S14-D12:      0.490     0.539     0.370     0.550     0.751     0.501     0.395     0.454     0.613     0.737     0.659     0.565     0.701     0.596     0.724     0.868     0.676     0.529     0.439     0.721     0.595     0.490     0.319     0.424     0.426     0.317    -0.128     0.822     0.409     0.636     0.667     0.644     0.470     0.668     0.631     0.855     0.581     0.728     0.510     0.828     0.940     0.711     0.773     1.000     0.731     0.759     0.652     0.524     0.641     0.649     0.453  
S14-D14:      0.574     0.563     0.530     0.693     0.850     0.583     0.061     0.174     0.349     0.667     0.546     0.833     0.689     0.487     0.695     0.680     0.660     0.355     0.452     0.951     0.613     0.648     0.838     0.618     0.576     0.781     0.363     0.907     0.583     0.759     0.777     0.575     0.709     0.714     0.682     0.803     0.380     0.513     0.418     0.580     0.777     0.619     0.714     0.731     1.000     0.741     0.716     0.593     0.651     0.678     0.603  
S14-D15:      0.789     0.793     0.770     0.856     0.876     0.820     0.535     0.562     0.623     0.778     0.794     0.543     0.549     0.734     0.876     0.714     0.899     0.738     0.783     0.682     0.872     0.881     0.562     0.823     0.817     0.606    -0.199     0.677     0.819     0.863     0.779     0.789     0.400     0.886     0.902     0.711     0.713     0.804     0.773     0.824     0.868     0.826     0.970     0.759     0.741     1.000     0.976     0.851     0.942     0.918     0.842  
S14-D16:      0.817     0.818     0.832     0.898     0.884     0.875     0.490     0.513     0.526     0.775     0.776     0.566     0.515     0.686     0.830     0.622     0.886     0.700     0.798     0.661     0.873     0.932     0.632     0.893     0.887     0.664    -0.138     0.620     0.898     0.881     0.780     0.782     0.399     0.901     0.905     0.630     0.644     0.729     0.717     0.754     0.791     0.772     0.941     0.652     0.716     0.976     1.000     0.831     0.958     0.951     0.914  
S15-D13:      0.817     0.814     0.746     0.824     0.673     0.752     0.601     0.571     0.640     0.642     0.715     0.303     0.232     0.652     0.801     0.486     0.831     0.809     0.857     0.548     0.929     0.871     0.495     0.755     0.712     0.637    -0.297     0.407     0.748     0.773     0.728     0.719     0.332     0.781     0.805     0.534     0.817     0.809     0.853     0.740     0.621     0.883     0.839     0.524     0.593     0.851     0.831     1.000     0.866     0.798     0.715  
S15-D15:      0.891     0.894     0.880     0.925     0.846     0.894     0.595     0.618     0.640     0.807     0.846     0.486     0.487     0.739     0.825     0.627     0.913     0.765     0.835     0.620     0.905     0.937     0.572     0.881     0.869     0.628    -0.287     0.535     0.875     0.865     0.792     0.796     0.333     0.901     0.884     0.597     0.739     0.777     0.762     0.818     0.775     0.810     0.937     0.641     0.651     0.942     0.958     0.866     1.000     0.941     0.871  
S16-D15:      0.809     0.854     0.841     0.911     0.905     0.907     0.425     0.442     0.494     0.812     0.746     0.579     0.529     0.632     0.802     0.619     0.874     0.634     0.727     0.623     0.854     0.892     0.596     0.916     0.915     0.701    -0.101     0.599     0.878     0.890     0.804     0.816     0.514     0.936     0.912     0.677     0.622     0.703     0.660     0.782     0.790     0.775     0.893     0.649     0.678     0.918     0.951     0.798     0.941     1.000     0.945  
S16-D16:      0.737     0.739     0.821     0.861     0.833     0.856     0.293     0.310     0.369     0.678     0.599     0.556     0.418     0.555     0.724     0.469     0.769     0.490     0.648     0.534     0.746     0.858     0.612     0.956     0.960     0.726    -0.016     0.483     0.864     0.835     0.721     0.694     0.504     0.868     0.861     0.548     0.498     0.558     0.598     0.606     0.626     0.644     0.777     0.453     0.603     0.842     0.914     0.715     0.871     0.945     1.000  

Correlations for deoxy-Hb
S1-D1:      1.000     0.746     0.717     0.799     0.391     0.669     0.189     0.335     0.478     0.482     0.247     0.262     0.079     0.402     0.524     0.270     0.487     0.390     0.700     0.601     0.671     0.675     0.347     0.867     0.790     0.345     0.088     0.222     0.386     0.791     0.893     0.222     0.093     0.735     0.274     0.237     0.117     0.039     0.457     0.135     0.441     0.428     0.654     0.386     0.524     0.789     0.629     0.754     0.566     0.605     0.742  
S1-D2:      0.746     1.000     0.220     0.809     0.225     0.574    -0.308    -0.134     0.180     0.076    -0.131    -0.165    -0.302     0.036     0.212     0.008     0.115    -0.120     0.158     0.287     0.258     0.353    -0.041     0.505     0.671    -0.159    -0.328    -0.154    -0.056     0.602     0.534    -0.279    -0.349     0.367    -0.202    -0.085    -0.237    -0.315     0.020    -0.259     0.195     0.055     0.320     0.098     0.174     0.597     0.302     0.575     0.185     0.164     0.499  
S1-D3:      0.717     0.220     1.000     0.511     0.512     0.547     0.593     0.675     0.535     0.706     0.588     0.546     0.442     0.511     0.434     0.382     0.608     0.632     0.908     0.722     0.826     0.788     0.701     0.823     0.659     0.663     0.434     0.543     0.752     0.632     0.709     0.639     0.449     0.817     0.720     0.492     0.372     0.392     0.640     0.425     0.463     0.520     0.682     0.534     0.765     0.701     0.824     0.625     0.749     0.832     0.649  
S2-D2:      0.799     0.809     0.511     1.000     0.314     0.895    -0.248    -0.068     0.096     0.100    -0.160    -0.134    -0.302    -0.044     0.043    -0.176     0.157     0.016     0.419     0.273     0.429     0.569     0.124     0.694     0.788     0.020    -0.245    -0.114     0.316     0.794     0.653    -0.118    -0.272     0.595    -0.038    -0.183    -0.369    -0.372     0.153    -0.258     0.053     0.001     0.334     0.008     0.236     0.534     0.440     0.577     0.374     0.437     0.816  
S2-D4:      0.391     0.225     0.512     0.314     1.000     0.337     0.553     0.674     0.707     0.759     0.497     0.756     0.670     0.523     0.523     0.652     0.720     0.452     0.519     0.798     0.696     0.806     0.848     0.380     0.437     0.721     0.691     0.804     0.692     0.386     0.237     0.467     0.701     0.761     0.607     0.546     0.419     0.558     0.680     0.613     0.681     0.596     0.614     0.692     0.778     0.538     0.711     0.546     0.584     0.269     0.099  
S2-D9:      0.669     0.574     0.547     0.895     0.337     1.000    -0.204    -0.032    -0.009     0.056    -0.205    -0.079    -0.183     0.047     0.006    -0.209     0.234     0.049     0.450     0.202     0.459     0.598     0.227     0.665     0.647     0.195    -0.099    -0.063     0.537     0.884     0.620    -0.012    -0.176     0.658     0.082    -0.195    -0.287    -0.307     0.183    -0.107    -0.062     0.056     0.258    -0.123     0.203     0.347     0.400     0.585     0.442     0.530     0.836  
S3-D1:      0.189    -0.308     0.593    -0.248     0.553    -0.204     1.000     0.949     0.778     0.859     0.905     0.911     0.898     0.686     0.631     0.761     0.702     0.798     0.660     0.777     0.666     0.555     0.832     0.311     0.177     0.824     0.851     0.899     0.609     0.013     0.210     0.786     0.897     0.506     0.871     0.845     0.818     0.887     0.758     0.813     0.689     0.760     0.629     0.810     0.820     0.487     0.674     0.344     0.503     0.420    -0.074  
S3-D3:      0.335    -0.134     0.675    -0.068     0.674    -0.032     0.949     1.000     0.849     0.945     0.924     0.952     0.895     0.804     0.714     0.822     0.780     0.805     0.738     0.880     0.787     0.703     0.904     0.481     0.354     0.883     0.836     0.942     0.711     0.194     0.356     0.781     0.913     0.647     0.922     0.886     0.800     0.891     0.873     0.859     0.808     0.816     0.763     0.886     0.906     0.636     0.800     0.478     0.652     0.536     0.082  
S3-D5:      0.478     0.180     0.535     0.096     0.707    -0.009     0.778     0.849     1.000     0.861     0.755     0.837     0.737     0.745     0.816     0.820     0.760     0.680     0.648     0.878     0.745     0.659     0.749     0.503     0.396     0.733     0.731     0.829     0.483     0.242     0.434     0.563     0.751     0.611     0.721     0.810     0.716     0.775     0.885     0.759     0.868     0.870     0.802     0.881     0.850     0.747     0.755     0.578     0.457     0.407     0.082  
S4-D2:      0.482     0.076     0.706     0.100     0.759     0.056     0.859     0.945     0.861     1.000     0.890     0.921     0.842     0.791     0.758     0.877     0.812     0.729     0.737     0.941     0.816     0.760     0.882     0.540     0.455     0.825     0.760     0.923     0.652     0.270     0.423     0.740     0.855     0.730     0.836     0.859     0.725     0.810     0.815     0.783     0.889     0.775     0.831     0.945     0.925     0.737     0.832     0.524     0.717     0.523     0.132  
S4-D3:      0.247    -0.131     0.588    -0.160     0.497    -0.205     0.905     0.924     0.755     0.890     1.000     0.840     0.817     0.688     0.607     0.776     0.613     0.762     0.595     0.821     0.646     0.536     0.767     0.364     0.317     0.718     0.701     0.833     0.527     0.065     0.278     0.779     0.796     0.511     0.857     0.910     0.793     0.873     0.697     0.747     0.752     0.696     0.691     0.889     0.828     0.634     0.720     0.384     0.579     0.472    -0.014  
S4-D4:      0.262    -0.165     0.546    -0.134     0.756    -0.079     0.911     0.952     0.837     0.921     0.840     1.000     0.942     0.783     0.730     0.859     0.768     0.744     0.620     0.856     0.693     0.655     0.904     0.326     0.200     0.910     0.927     0.969     0.679     0.149     0.262     0.733     0.959     0.631     0.852     0.839     0.813     0.903     0.831     0.888     0.783     0.806     0.660     0.852     0.857     0.503     0.682     0.427     0.570     0.347    -0.077  
S4-D6:      0.079    -0.302     0.442    -0.302     0.670    -0.183     0.898     0.895     0.737     0.842     0.817     0.942     1.000     0.791     0.704     0.875     0.771     0.642     0.509     0.766     0.623     0.548     0.867     0.183     0.023     0.887     0.942     0.942     0.630     0.042     0.101     0.715     0.943     0.538     0.839     0.857     0.858     0.922     0.707     0.926     0.710     0.801     0.575     0.779     0.784     0.371     0.583     0.343     0.480     0.300    -0.196  
S5-D3:      0.402     0.036     0.511    -0.044     0.523     0.047     0.686     0.804     0.745     0.791     0.688     0.783     0.791     1.000     0.887     0.869     0.818     0.568     0.598     0.729     0.711     0.553     0.682     0.525     0.224     0.797     0.687     0.752     0.525     0.337     0.483     0.591     0.745     0.575     0.738     0.808     0.805     0.757     0.752     0.862     0.812     0.871     0.744     0.717     0.700     0.582     0.606     0.534     0.589     0.548     0.146  
S5-D5:      0.524     0.212     0.434     0.043     0.523     0.006     0.631     0.714     0.816     0.758     0.607     0.730     0.704     0.887     1.000     0.875     0.844     0.583     0.590     0.736     0.697     0.562     0.592     0.520     0.281     0.682     0.638     0.685     0.376     0.293     0.501     0.435     0.654     0.555     0.586     0.731     0.704     0.647     0.721     0.764     0.830     0.899     0.766     0.736     0.671     0.646     0.580     0.566     0.404     0.404     0.137  
S5-D6:      0.270     0.008     0.382    -0.176     0.652    -0.209     0.761     0.822     0.820     0.877     0.776     0.859     0.875     0.869     0.875     1.000     0.807     0.551     0.482     0.803     0.637     0.513     0.716     0.301     0.152     0.728     0.753     0.866     0.388     0.063     0.228     0.595     0.833     0.495     0.692     0.878     0.813     0.838     0.677     0.848     0.917     0.815     0.732     0.889     0.752     0.574     0.594     0.405     0.498     0.292    -0.154  
S5-D7:      0.487     0.115     0.608     0.157     0.720     0.234     0.702     0.780     0.760     0.812     0.613     0.768     0.771     0.818     0.844     0.807     1.000     0.650     0.755     0.785     0.885     0.802     0.810     0.601     0.428     0.799     0.708     0.804     0.684     0.383     0.419     0.529     0.723     0.732     0.704     0.703     0.607     0.624     0.754     0.777     0.793     0.855     0.847     0.731     0.780     0.647     0.773     0.612     0.611     0.580     0.263  
S6-D5:      0.390    -0.120     0.632     0.016     0.452     0.049     0.798     0.805     0.680     0.729     0.762     0.744     0.642     0.568     0.583     0.551     0.650     1.000     0.757     0.678     0.708     0.610     0.688     0.527     0.405     0.726     0.649     0.688     0.648     0.239     0.450     0.634     0.680     0.573     0.777     0.694     0.597     0.660     0.764     0.645     0.582     0.680     0.673     0.684     0.704     0.576     0.709     0.504     0.484     0.589     0.271  
S6-D7:      0.700     0.158     0.908     0.419     0.519     0.450     0.660     0.738     0.648     0.737     0.595     0.620     0.509     0.598     0.590     0.482     0.755     0.757     1.000     0.748     0.925     0.831     0.730     0.865     0.662     0.731     0.517     0.633     0.763     0.562     0.711     0.589     0.556     0.801     0.753     0.584     0.430     0.459     0.763     0.543     0.586     0.654     0.826     0.621     0.796     0.746     0.876     0.669     0.705     0.848     0.638  
S7-D6:      0.601     0.287     0.722     0.273     0.798     0.202     0.777     0.880     0.878     0.941     0.821     0.856     0.766     0.729     0.736     0.803     0.785     0.678     0.748     1.000     0.856     0.828     0.885     0.603     0.577     0.806     0.719     0.875     0.662     0.431     0.517     0.648     0.748     0.812     0.794     0.831     0.683     0.740     0.783     0.714     0.832     0.769     0.841     0.904     0.972     0.833     0.888     0.692     0.690     0.524     0.226  
S7-D7:      0.671     0.258     0.826     0.429     0.696     0.459     0.666     0.787     0.745     0.816     0.646     0.693     0.623     0.711     0.697     0.637     0.885     0.708     0.925     0.856     1.000     0.922     0.830     0.836     0.709     0.789     0.584     0.745     0.794     0.590     0.643     0.577     0.629     0.865     0.779     0.697     0.504     0.543     0.797     0.647     0.733     0.752     0.923     0.738     0.876     0.830     0.947     0.748     0.737     0.803     0.568  
S7-D8:      0.675     0.353     0.788     0.569     0.806     0.598     0.555     0.703     0.659     0.760     0.536     0.655     0.548     0.553     0.562     0.513     0.802     0.610     0.831     0.828     0.922     1.000     0.857     0.754     0.768     0.726     0.545     0.698     0.861     0.634     0.549     0.450     0.557     0.909     0.669     0.514     0.307     0.411     0.751     0.527     0.612     0.626     0.783     0.643     0.847     0.747     0.912     0.720     0.703     0.641     0.561  
S7-D14:      0.347    -0.041     0.701     0.124     0.848     0.227     0.832     0.904     0.749     0.882     0.767     0.904     0.867     0.682     0.592     0.716     0.810     0.688     0.730     0.885     0.830     0.857     1.000     0.467     0.418     0.911     0.853     0.936     0.875     0.347     0.297     0.685     0.854     0.794     0.873     0.750     0.641     0.764     0.802     0.791     0.678     0.729     0.696     0.773     0.929     0.575     0.839     0.552     0.672     0.502     0.159  
S8-D7:      0.867     0.505     0.823     0.694     0.380     0.665     0.311     0.481     0.503     0.540     0.364     0.326     0.183     0.525     0.520     0.301     0.601     0.527     0.865     0.603     0.836     0.754     0.467     1.000     0.831     0.481     0.162     0.332     0.580     0.763     0.881     0.351     0.231     0.752     0.508     0.388     0.192     0.161     0.613     0.297     0.511     0.524     0.793     0.446     0.600     0.823     0.785     0.750     0.669     0.881     0.867  
S8-D8:      0.790     0.671     0.659     0.788     0.437     0.647     0.177     0.354     0.396     0.455     0.317     0.200     0.023     0.224     0.281     0.152     0.428     0.405     0.662     0.577     0.709     0.768     0.418     0.831     1.000     0.241    -0.033     0.253     0.482     0.645     0.647     0.167     0.077     0.661     0.312     0.245    -0.059    -0.000     0.440     0.046     0.432     0.271     0.685     0.438     0.558     0.833     0.775     0.664     0.581     0.624     0.757  
